res_-1_53_36_35.txt
balance:73  
73  
allnum:1

res_-1_69_63_25.txt
balance:0 13 50 51 69 71 72 78  
0 8 9 10 11 12 13 14 15 16 20 22 25 26 28 31 32 33 34 35 38 39 40 41 45 46 47 48 49 50 51 52 53 54 55 56 57 58 59 60 61 62 63 65 66 67 68 69 71 72 73 75 76 77 78  
allnum:55

res_-1_53_26_9.txt
balance:73  
20 37 40 45 46 47 62 63 64 65 66 67 73 75 77  
allnum:15

res_-1_22_9_2.txt
balance:12  
8 9 10 12 29 31 33 35 37 41 52 54 55 56 57 58 59 60 61 62 63 64 65 73 75 77 79  
allnum:27

res_-1_34_26_0.txt
balance:73  
73  
allnum:1

res_-1_15_13_9.txt
balance:29  
0 9 11 12 13 15 22 25 26 29 31 32 33 34 35 38 39 40 47 48 49 51 52 53 54 55 56 57 58 59 60 61 62 63 65 66 67 68 69 72 73 75 76 77 78  
allnum:45

res_-1_69_40_26.txt
balance:75  
8 9 10 18 20 37 40 45 46 47 52 61 62 63 64 65 66 67 75 77 79  
allnum:21

res_-1_38_35_0.txt
balance:63  
31 56 57 58 63 75  
allnum:6

res_-1_34_18_0.txt
balance:12  
12 13 18 22 26 31 39 41 43 44 45 47 48 49 56 57 58 63 65 73 75 77  
allnum:22

res_-1_69_15_10.txt
balance:0 50 71 72 78  
0 9 10 11 12 13 14 16 19 20 21 22 23 24 25 26 29 31 32 33 34 35 36 37 38 39 40 41 45 46 47 48 49 50 51 52 53 54 55 56 57 58 59 60 61 62 63 64 65 66 67 68 69 71 72 73 75 76 77 78  
allnum:60

res_-1_26_15_9.txt
balance:13 40 49 61  
13 20 22 23 24 25 26 28 31 38 39 40 41 45 46 47 48 49 51 52 53 54 56 57 58 59 61 63 65 66 67 68 69 70 73 75 77  
allnum:37

res_-1_76_26_0.txt
balance:73  
22 37 47 48 49 62 63 64 69 73 75 77  
allnum:12

res_-1_40_22_17.txt
balance:16 64 70 79  
0 2 4 5 6 7 8 9 11 12 13 14 15 16 17 18 19 20 21 22 23 24 25 26 27 28 29 30 31 32 33 34 35 36 37 38 39 40 41 42 43 44 45 47 48 49 50 51 52 53 54 55 56 57 58 59 60 61 62 63 64 65 66 67 68 69 70 72 73 74 75 76 77 78 79 80  
allnum:76

res_-1_63_36_23.txt
balance:77  
25 33 39 58 59 60 61 63 73 75 77  
allnum:11

res_-1_68_26_15.txt
balance:13  
8 9 10 11 13 15 18 20 22 24 25 26 27 31 33 35 36 37 38 39 40 41 43 44 45 46 47 48 49 50 51 52 53 55 56 57 58 59 60 61 62 63 64 65 66 67 68 71 73 77 79 80  
allnum:52

res_-1_51_1_0.txt
balance:73  
73  
allnum:1

res_-1_69_40_25.txt
balance:75  
20 45 46 47 75 77  
allnum:6

res_-1_35_1_0.txt
balance:73  
10 31 35 36 37 40 56 57 58 62 63 64 65 66 67 73 77  
allnum:17

res_-1_69_10_2.txt
balance:0 50 71 72 78  
0 1 6 7 8 9 10 11 12 13 14 16 20 22 25 26 29 31 32 33 34 35 36 37 38 39 40 41 45 46 47 48 49 50 51 52 53 54 55 56 57 58 59 60 61 62 63 64 65 66 67 68 69 71 72 73 75 76 77 78 79  
allnum:61

res_-1_69_40_15.txt
balance:0 12 13 15 50 51 54 71 72 78  
0 8 9 10 11 12 13 14 15 16 18 20 22 25 26 31 32 33 34 35 36 37 38 39 40 41 43 44 45 46 47 48 49 50 51 52 53 54 56 57 58 59 60 61 62 63 65 66 67 68 69 71 72 73 75 76 77 78  
allnum:58

res_-1_63_35_9.txt
balance:4  
4 12 13 14 18 20 22 28 29 30 31 33 38 39 40 41 43 44 45 46 47 48 49 53 54 55 56 57 58 59 60 61 63 73 75  
allnum:35

res_-1_63_35_33.txt
balance:37 64  
6 8 12 25 30 31 32 33 34 35 37 40 56 57 58 59 60 61 62 63 64 65 66 67 69 73 75  
allnum:27

res_-1_22_17_9.txt
balance:12  
8 9 10 12 31 33 35 37 52 56 57 58 59 60 61 62 63 64 65 69 73 75 77 79  
allnum:24

res_-1_50_1_0.txt
balance:73  
10 35 36 37 40 62 63 64 65 66 67 73 77  
allnum:13

res_-1_63_39_35.txt
balance:4 63  
3 4 25 27 28 29 30 31 33 35 37 38 40 54 55 56 57 58 59 60 61 62 63 65 66 67 69 73 75 77 79  
allnum:31

res_-1_69_25_15.txt
balance:0 12 13 15 50 54 71 72 73 78  
0 9 10 11 12 13 15 19 20 21 22 23 24 25 26 31 32 33 34 35 36 37 38 39 40 41 45 46 47 48 49 50 51 52 53 54 56 57 58 59 60 61 62 63 64 65 66 67 68 69 71 72 73 75 76 77 78  
allnum:57

res_-1_53_35_9.txt
balance:73  
8 9 10 20 33 37 38 39 45 46 47 52 55 61 62 63 64 65 66 73 77  
allnum:21

res_-1_51_13_1.txt
balance:73  
73  
allnum:1

res_-1_41_35_0.txt
balance:75  
75  
allnum:1

res_-1_25_17_15.txt
balance:77  
77  
allnum:1

res_-1_17_13_9.txt
balance:29  
0 9 11 12 13 15 22 25 26 29 31 32 33 34 35 38 39 40 47 48 49 51 52 53 54 55 56 57 58 59 60 61 62 63 65 66 67 68 69 72 73 75 76 77 78  
allnum:45

res_-1_36_25_19.txt
balance:39 75  
8 9 10 20 31 35 36 37 39 40 45 46 47 52 56 57 58 61 63 65 66 67 69 75 77  
allnum:25

res_-1_39_26_3.txt
balance:11 17 26 68  
0 3 4 5 6 7 8 9 10 11 13 14 15 16 17 18 20 21 22 24 25 26 28 29 30 31 32 33 34 35 36 37 39 40 41 42 43 44 45 46 47 48 49 50 52 54 55 56 57 58 59 60 61 62 63 64 65 66 67 68 71 73 75 76 77 79  
allnum:66

res_-1_25_22_15.txt
balance:1 15  
0 1 9 13 15 16 22 25 26 31 32 33 34 35 37 38 39 40 41 47 48 49 51 52 53 54 55 56 57 58 59 60 61 62 63 64 65 66 67 68 69 72 73 75 76 77 78 79  
allnum:48

res_-1_51_18_0.txt
balance:73  
10 11 12 20 45 46 47 54 63 73 77  
allnum:11

res_-1_69_25_2.txt
balance:0 13 15 50 69 71 72 78  
0 6 7 8 9 10 11 12 13 15 20 22 25 26 31 32 33 34 35 36 37 38 39 40 41 45 46 47 48 49 50 51 52 53 54 55 56 57 58 59 60 61 62 63 64 65 66 67 68 69 71 72 73 75 76 77 78 79  
allnum:58

res_-1_69_40_17.txt
balance:0 12 13 15 50 51 54 71 72 78  
0 8 9 10 11 12 13 14 15 16 20 22 25 26 31 32 33 34 35 36 37 38 39 40 41 45 46 47 48 49 50 51 52 53 54 56 57 58 59 60 61 62 63 65 66 67 68 69 71 72 73 75 76 77 78  
allnum:55

res_-1_69_39_25.txt
balance:75  
75  
allnum:1

res_-1_53_35_0.txt
balance:63  
31 56 57 58 63 73 75  
allnum:7

res_-1_23_17_9.txt
balance:12  
6 7 8 12 33 35 50 58 59 60 61 62 63 65 75 77 79  
allnum:17

res_-1_38_25_0.txt
balance:73  
73  
allnum:1

res_-1_17_15_9.txt
balance:3 30  
3 28 29 30  
allnum:4

res_-1_69_55_15.txt
balance:0 12 13 15 69 71 72 78  
0 8 9 10 11 12 13 15 16 18 20 22 24 25 26 27 29 31 32 33 34 35 37 38 39 40 41 43 44 45 46 47 48 49 50 51 52 53 54 55 56 57 58 59 60 61 62 63 64 65 66 67 68 69 71 72 73 75 76 77 78  
allnum:61

res_-1_63_36_35.txt
balance:4 50 71  
4 12 18 20 25 27 29 30 31 33 35 37 40 41 43 44 45 46 47 50 52 53 54 55 56 57 58 59 60 61 62 63 64 65 71 73 75  
allnum:37

res_-1_26_17_9.txt
balance:13 22 40 49 61  
13 20 22 25 26 28 31 37 38 39 40 41 45 46 47 48 49 51 52 53 54 56 57 58 59 61 62 63 64 66 67 68 69 70 73 75 77  
allnum:37

res_-1_13_9_2.txt
balance:29  
0 8 9 10 11 12 13 15 20 22 25 26 29 31 32 33 34 35 38 39 40 41 45 46 47 48 49 51 52 53 54 55 56 57 58 59 60 61 62 63 65 66 67 68 69 72 73 75 76 77 78 80  
allnum:52

res_-1_63_39_26.txt
balance:4  
1 3 4 8 11 15 17 18 20 25 26 28 29 30 31 33 34 35 41 42 43 44 45 46 47 50 54 55 56 58 59 60 61 62 63 65 68 73 75 76 77 79  
allnum:42

res_-1_69_25_17.txt
balance:0 9 12 13 15 50 51 54 69 71 72 73 78  
0 9 11 12 13 15 20 21 22 23 25 26 31 32 33 34 35 38 39 40 41 45 46 47 48 49 50 51 52 53 54 56 57 58 59 60 61 62 63 65 66 67 68 69 71 72 73 75 76 77 78  
allnum:51

res_-1_40_26_17.txt
balance:13  
11 13 15 18 20 22 25 26 27 31 35 37 38 39 40 41 43 44 45 46 47 48 49 50 51 52 53 56 57 58 60 61 62 63 64 65 71 73 77 80  
allnum:40

res_-1_50_35_25.txt
balance:63  
63  
allnum:1

res_-1_40_26_15.txt
balance:13  
8 9 10 11 13 15 18 20 22 25 26 27 31 33 34 35 36 37 38 39 40 41 43 44 45 46 47 48 49 50 51 52 53 56 57 58 60 61 62 63 64 65 66 67 71 73 75 77 79  
allnum:49

res_-1_25_22_17.txt
balance:1 15 64  
0 1 9 13 15 16 22 25 26 31 32 33 34 35 37 38 39 40 41 47 48 49 50 51 52 53 54 56 57 58 59 60 61 62 63 64 65 66 67 68 69 71 72 73 75 76 77 78 79  
allnum:49

res_-1_76_26_15.txt
balance:29  
0 7 8 9 10 11 12 15 20 22 24 25 26 29 31 32 33 34 35 36 37 38 39 40 41 45 46 47 48 49 50 51 52 53 54 55 56 57 58 59 60 61 62 63 64 65 66 67 68 69 71 72 73 75 76 77 78 79  
allnum:58

res_-1_51_50_41.txt
balance:75  
31 33 56 57 58 59 60 61 65 73 75 77  
allnum:12

res_-1_66_26_9.txt
balance:73  
8 9 10 20 24 26 27 37 39 40 41 45 46 47 49 50 51 52 53 54 61 62 63 64 65 66 67 68 73 75 77 79  
allnum:32

res_-1_69_63_33.txt
balance:38  
20 33 38 45 46 47 58 59 60 61 63 65 73 75 79  
allnum:15

res_-1_69_55_17.txt
balance:0 12 13 15 50 69 71 72 78  
0 8 9 10 11 12 13 14 15 16 18 20 22 25 26 29 31 32 33 34 35 36 37 38 39 40 41 43 44 45 46 47 48 49 50 51 52 53 54 55 56 57 58 59 60 61 62 63 65 66 67 68 69 71 72 73 75 76 77 78  
allnum:60

res_-1_22_15_9.txt
balance:12  
12 31 33 35 37 56 57 58 59 60 61 62 73 75 77  
allnum:15

res_-1_69_41_25.txt
balance:73  
33 58 59 60 73 75 77  
allnum:7

res_-1_26_22_3.txt
balance:12  
8 12 20 25 27 29 30 33 34 35 45 46 47 54 55 56 58 59 60 61 62 63 65 69 73 75 77  
allnum:27

res_-1_63_26_8.txt
balance:4 13  
4 8 9 10 11 13 15 20 22 25 26 28 29 30 31 33 37 38 39 40 41 47 48 49 51 52 53 54 55 56 57 58 59 60 61 63 65 73 75 77 79  
allnum:41

res_-1_36_25_17.txt
balance:75  
31 35 37 39 56 57 58 60 61 62 75 77  
allnum:12

res_-1_38_1_0.txt
balance:31  
31 73 77  
allnum:3

