0 1 4
0 1 6
0 1 9
0 1 23
0 1 26
0 1 34
0 1 35
0 1 36
0 1 38
0 1 41
0 1 50
0 1 51
0 1 53
0 1 69
0 4 6
0 4 9
0 4 25
0 4 26
0 4 34
0 4 35
0 4 36
0 4 38
0 4 41
0 4 50
0 4 51
0 4 53
0 4 69
0 4 76
0 6 18
0 6 25
0 6 26
0 6 34
0 6 35
0 6 36
0 6 38
0 6 41
0 6 50
0 6 51
0 6 53
0 6 69
0 7 9
0 7 23
0 7 26
0 7 34
0 7 41
0 8 9
0 8 25
0 8 26
0 8 34
0 8 36
0 8 50
0 8 51
0 8 69
0 9 23
0 9 25
0 9 26
0 9 34
0 9 35
0 9 36
0 9 50
0 9 51
0 9 53
0 9 76
0 18 34
0 18 38
0 18 51
0 18 69
0 23 26
0 23 34
0 23 35
0 23 36
0 23 41
0 23 50
0 23 51
0 23 69
0 25 34
0 25 35
0 25 36
0 25 38
0 25 41
0 25 50
0 25 51
0 25 53
0 25 69
0 26 34
0 26 36
0 26 38
0 26 41
0 26 50
0 26 51
0 26 53
0 26 69
0 26 76
0 34 35
0 34 36
0 34 38
0 34 41
0 34 50
0 34 51
0 34 53
0 34 69
0 35 36
0 35 38
0 35 41
0 35 50
0 35 51
0 35 53
0 35 69
0 36 38
0 36 41
0 36 50
0 36 51
0 36 53
0 36 69
0 36 76
0 38 41
0 38 50
0 38 51
0 38 53
0 38 69
0 41 50
0 41 51
0 41 53
0 41 69
0 41 76
0 50 51
0 50 53
0 50 69
0 51 53
0 51 69
0 53 69
0 69 76
1 2 6
1 2 9
1 2 13
1 2 26
1 2 69
1 4 6
1 4 9
1 4 13
1 4 26
1 4 34
1 4 35
1 4 36
1 4 38
1 4 41
1 4 50
1 4 51
1 4 53
1 4 69
1 5 34
1 5 41
1 6 13
1 6 26
1 6 34
1 6 35
1 6 36
1 6 38
1 6 41
1 6 50
1 6 51
1 6 53
1 6 69
1 9 13
1 9 23
1 9 26
1 9 34
1 9 35
1 9 36
1 9 50
1 9 51
1 9 53
1 13 23
1 13 34
1 13 35
1 13 36
1 13 38
1 13 50
1 13 51
1 13 53
1 13 69
1 23 26
1 23 34
1 23 35
1 23 36
1 23 41
1 23 50
1 23 51
1 23 69
1 26 34
1 26 36
1 26 38
1 26 41
1 26 50
1 26 51
1 26 53
1 26 69
1 34 35
1 34 36
1 34 38
1 34 41
1 34 50
1 34 51
1 34 53
1 34 69
1 35 36
1 35 38
1 35 41
1 35 50
1 35 51
1 35 53
1 35 69
1 36 38
1 36 41
1 36 50
1 36 51
1 36 53
1 36 69
1 38 41
1 38 50
1 38 51
1 38 53
1 38 69
1 41 50
1 41 51
1 41 53
1 41 69
1 50 51
1 50 53
1 50 69
1 51 53
1 51 69
1 53 69
2 6 13
2 6 22
2 6 25
2 6 26
2 6 33
2 6 40
2 6 69
2 9 10
2 9 13
2 9 22
2 9 25
2 9 26
2 9 33
2 9 76
2 10 69
2 13 22
2 13 33
2 13 69
2 22 25
2 22 26
2 22 33
2 22 39
2 22 40
2 22 69
2 25 33
2 25 39
2 25 40
2 25 69
2 26 39
2 26 40
2 26 69
2 26 76
2 33 69
2 39 69
2 40 69
2 69 76
3 7 9
3 7 22
3 7 26
3 8 9
3 8 22
3 8 25
3 8 26
3 9 22
3 9 25
3 9 26
3 22 25
3 22 26
3 22 39
3 25 39
3 26 39
4 6 13
4 6 22
4 6 25
4 6 26
4 6 34
4 6 35
4 6 36
4 6 38
4 6 41
4 6 50
4 6 51
4 6 53
4 6 69
4 9 13
4 9 22
4 9 25
4 9 26
4 9 34
4 9 35
4 9 36
4 9 50
4 9 51
4 9 53
4 9 76
4 13 22
4 13 34
4 13 35
4 13 36
4 13 38
4 13 50
4 13 51
4 13 53
4 13 69
4 19 22
4 19 25
4 19 36
4 19 69
4 22 25
4 22 26
4 22 34
4 22 35
4 22 36
4 22 38
4 22 41
4 22 50
4 22 51
4 22 53
4 22 69
4 25 34
4 25 35
4 25 36
4 25 38
4 25 41
4 25 50
4 25 51
4 25 53
4 25 68
4 25 69
4 26 34
4 26 36
4 26 38
4 26 41
4 26 50
4 26 51
4 26 53
4 26 68
4 26 69
4 26 76
4 34 35
4 34 36
4 34 38
4 34 41
4 34 50
4 34 51
4 34 53
4 34 68
4 34 69
4 35 36
4 35 38
4 35 41
4 35 50
4 35 51
4 35 53
4 35 69
4 36 38
4 36 41
4 36 50
4 36 51
4 36 53
4 36 69
4 36 76
4 38 41
4 38 50
4 38 51
4 38 53
4 38 68
4 38 69
4 41 50
4 41 51
4 41 53
4 41 69
4 41 76
4 50 51
4 50 53
4 50 69
4 51 53
4 51 68
4 51 69
4 53 69
4 68 69
4 69 76
5 34 41
6 13 22
6 13 33
6 13 34
6 13 35
6 13 36
6 13 38
6 13 50
6 13 51
6 13 53
6 13 69
6 18 34
6 18 38
6 18 51
6 18 69
6 21 22
6 21 34
6 21 38
6 21 50
6 21 51
6 21 53
6 21 69
6 22 25
6 22 26
6 22 33
6 22 34
6 22 35
6 22 36
6 22 38
6 22 40
6 22 41
6 22 50
6 22 51
6 22 53
6 22 69
6 25 33
6 25 34
6 25 35
6 25 36
6 25 38
6 25 40
6 25 41
6 25 50
6 25 51
6 25 53
6 25 69
6 26 34
6 26 36
6 26 38
6 26 40
6 26 41
6 26 50
6 26 51
6 26 53
6 26 69
6 33 34
6 33 35
6 33 36
6 33 38
6 33 50
6 33 51
6 33 69
6 34 35
6 34 36
6 34 38
6 34 40
6 34 41
6 34 50
6 34 51
6 34 53
6 34 69
6 35 36
6 35 38
6 35 40
6 35 41
6 35 50
6 35 51
6 35 53
6 35 69
6 36 38
6 36 40
6 36 41
6 36 50
6 36 51
6 36 53
6 36 69
6 38 41
6 38 50
6 38 51
6 38 53
6 38 69
6 40 51
6 40 53
6 40 69
6 41 50
6 41 51
6 41 53
6 41 69
6 50 51
6 50 53
6 50 69
6 51 53
6 51 69
6 53 69
7 9 13
7 9 22
7 9 23
7 9 26
7 9 33
7 9 34
7 13 22
7 13 23
7 13 33
7 13 34
7 22 26
7 22 33
7 22 34
7 22 41
7 23 26
7 23 34
7 23 41
7 26 34
7 26 41
7 33 34
7 34 41
8 9 12
8 9 13
8 9 22
8 9 25
8 9 26
8 9 33
8 9 34
8 9 36
8 9 50
8 9 51
8 9 63
8 13 22
8 13 33
8 13 34
8 13 36
8 13 37
8 13 50
8 13 51
8 13 69
8 22 25
8 22 26
8 22 33
8 22 34
8 22 36
8 22 37
8 22 40
8 22 50
8 22 51
8 22 63
8 22 69
8 25 33
8 25 34
8 25 36
8 25 37
8 25 40
8 25 50
8 25 51
8 25 63
8 25 69
8 26 34
8 26 36
8 26 37
8 26 40
8 26 50
8 26 51
8 26 63
8 26 69
8 33 34
8 33 36
8 33 50
8 33 51
8 33 63
8 33 69
8 34 36
8 34 37
8 34 40
8 34 50
8 34 51
8 34 69
8 36 40
8 36 50
8 36 51
8 36 63
8 36 69
8 37 69
8 40 51
8 40 69
8 46 50
8 50 51
8 50 69
8 51 69
8 63 69
9 10 15
9 10 34
9 10 36
9 12 17
9 13 15
9 13 17
9 13 22
9 13 23
9 13 33
9 13 34
9 13 35
9 13 36
9 13 50
9 13 51
9 13 53
9 13 66
9 15 17
9 15 22
9 15 23
9 15 25
9 15 26
9 15 33
9 15 36
9 15 53
9 15 76
9 17 22
9 17 23
9 17 25
9 17 26
9 17 33
9 17 36
9 17 53
9 17 76
9 22 25
9 22 26
9 22 33
9 22 34
9 22 35
9 22 36
9 22 50
9 22 51
9 22 53
9 22 63
9 23 26
9 23 34
9 23 35
9 23 36
9 23 50
9 23 51
9 23 63
9 23 66
9 25 33
9 25 34
9 25 35
9 25 36
9 25 50
9 25 51
9 25 53
9 25 63
9 26 34
9 26 36
9 26 50
9 26 51
9 26 53
9 26 63
9 26 66
9 26 76
9 33 34
9 33 35
9 33 36
9 33 50
9 33 51
9 33 63
9 34 35
9 34 36
9 34 50
9 34 51
9 34 53
9 34 66
9 35 36
9 35 50
9 35 51
9 35 53
9 35 63
9 36 50
9 36 51
9 36 53
9 36 63
9 36 76
9 50 51
9 50 53
9 51 53
9 51 66
9 53 63
10 15 36
10 15 69
10 34 36
10 34 69
10 36 69
13 15 17
13 15 22
13 15 23
13 15 33
13 15 36
13 15 53
13 15 69
13 17 22
13 17 23
13 17 33
13 17 36
13 17 53
13 17 69
13 22 33
13 22 34
13 22 35
13 22 36
13 22 37
13 22 38
13 22 50
13 22 51
13 22 53
13 22 69
13 23 34
13 23 35
13 23 36
13 23 37
13 23 50
13 23 51
13 23 66
13 23 69
13 33 34
13 33 35
13 33 36
13 33 38
13 33 50
13 33 51
13 33 69
13 34 35
13 34 36
13 34 37
13 34 38
13 34 50
13 34 51
13 34 53
13 34 66
13 34 69
13 35 36
13 35 38
13 35 50
13 35 51
13 35 53
13 35 69
13 36 38
13 36 50
13 36 51
13 36 53
13 36 69
13 37 53
13 37 69
13 38 50
13 38 51
13 38 53
13 38 69
13 50 51
13 50 53
13 50 69
13 51 53
13 51 66
13 51 69
13 53 69
13 66 69
15 17 22
15 17 23
15 17 25
15 17 26
15 17 33
15 17 36
15 17 39
15 17 40
15 17 53
15 17 55
15 17 68
15 17 69
15 17 76
15 18 69
15 22 25
15 22 26
15 22 33
15 22 36
15 22 39
15 22 40
15 22 53
15 22 69
15 23 26
15 23 36
15 23 39
15 23 69
15 25 33
15 25 36
15 25 39
15 25 40
15 25 53
15 25 68
15 25 69
15 26 36
15 26 39
15 26 40
15 26 53
15 26 68
15 26 69
15 26 76
15 33 36
15 33 69
15 36 39
15 36 40
15 36 53
15 36 69
15 36 76
15 39 53
15 39 69
15 40 53
15 40 69
15 53 69
15 55 69
15 68 69
15 69 76
16 17 69
17 22 25
17 22 26
17 22 33
17 22 36
17 22 39
17 22 40
17 22 53
17 22 69
17 23 26
17 23 36
17 23 39
17 23 69
17 25 33
17 25 36
17 25 39
17 25 40
17 25 53
17 25 68
17 25 69
17 26 36
17 26 39
17 26 40
17 26 53
17 26 68
17 26 69
17 26 76
17 33 36
17 33 69
17 36 39
17 36 40
17 36 53
17 36 69
17 36 76
17 39 53
17 39 69
17 40 53
17 40 69
17 53 69
17 55 69
17 68 69
17 69 76
18 34 38
18 34 51
18 34 69
18 38 51
18 38 69
18 51 69
18 63 69
19 22 25
19 22 36
19 22 69
19 25 36
19 25 69
19 36 69
21 22 34
21 22 38
21 22 39
21 22 50
21 22 51
21 22 53
21 22 69
21 23 34
21 23 39
21 23 50
21 23 51
21 23 69
21 34 38
21 34 39
21 34 50
21 34 51
21 34 53
21 34 69
21 38 39
21 38 50
21 38 51
21 38 53
21 38 69
21 39 50
21 39 51
21 39 53
21 39 69
21 50 51
21 50 53
21 50 69
21 51 53
21 51 69
21 53 69
22 25 33
22 25 34
22 25 35
22 25 36
22 25 37
22 25 38
22 25 39
22 25 40
22 25 41
22 25 50
22 25 51
22 25 53
22 25 63
22 25 69
22 26 34
22 26 36
22 26 37
22 26 38
22 26 39
22 26 40
22 26 41
22 26 50
22 26 51
22 26 53
22 26 63
22 26 69
22 33 34
22 33 35
22 33 36
22 33 38
22 33 50
22 33 51
22 33 63
22 33 69
22 34 35
22 34 36
22 34 37
22 34 38
22 34 39
22 34 40
22 34 41
22 34 50
22 34 51
22 34 53
22 34 69
22 35 36
22 35 38
22 35 39
22 35 40
22 35 41
22 35 50
22 35 51
22 35 53
22 35 63
22 35 69
22 36 38
22 36 39
22 36 40
22 36 41
22 36 50
22 36 51
22 36 53
22 36 63
22 36 69
22 37 41
22 37 53
22 37 69
22 38 39
22 38 41
22 38 50
22 38 51
22 38 53
22 38 69
22 39 50
22 39 51
22 39 53
22 39 63
22 39 69
22 40 51
22 40 53
22 40 69
22 41 50
22 41 51
22 41 53
22 41 63
22 41 69
22 50 51
22 50 53
22 50 69
22 51 53
22 51 69
22 53 63
22 53 69
22 63 69
23 26 34
23 26 36
23 26 37
23 26 39
23 26 41
23 26 50
23 26 51
23 26 63
23 26 66
23 26 69
23 34 35
23 34 36
23 34 37
23 34 39
23 34 41
23 34 50
23 34 51
23 34 66
23 34 69
23 35 36
23 35 39
23 35 41
23 35 50
23 35 51
23 35 63
23 35 69
23 36 39
23 36 41
23 36 50
23 36 51
23 36 63
23 36 69
23 37 41
23 37 69
23 39 50
23 39 51
23 39 63
23 39 69
23 41 50
23 41 51
23 41 63
23 41 69
23 50 51
23 50 69
23 51 66
23 51 69
23 63 69
23 66 69
25 33 34
25 33 35
25 33 36
25 33 38
25 33 50
25 33 51
25 33 63
25 33 69
25 34 35
25 34 36
25 34 37
25 34 38
25 34 39
25 34 40
25 34 41
25 34 50
25 34 51
25 34 53
25 34 68
25 34 69
25 35 36
25 35 38
25 35 39
25 35 40
25 35 41
25 35 50
25 35 51
25 35 53
25 35 63
25 35 69
25 36 38
25 36 39
25 36 40
25 36 41
25 36 50
25 36 51
25 36 53
25 36 63
25 36 69
25 37 41
25 37 53
25 37 69
25 38 39
25 38 41
25 38 50
25 38 51
25 38 53
25 38 68
25 38 69
25 39 50
25 39 51
25 39 53
25 39 63
25 39 69
25 40 51
25 40 53
25 40 69
25 41 50
25 41 51
25 41 53
25 41 63
25 41 69
25 50 51
25 50 53
25 50 69
25 51 53
25 51 68
25 51 69
25 53 63
25 53 69
25 63 69
25 68 69
26 34 36
26 34 37
26 34 38
26 34 39
26 34 40
26 34 41
26 34 50
26 34 51
26 34 53
26 34 66
26 34 68
26 34 69
26 36 38
26 36 39
26 36 40
26 36 41
26 36 50
26 36 51
26 36 53
26 36 63
26 36 69
26 36 76
26 37 41
26 37 53
26 37 69
26 38 39
26 38 41
26 38 50
26 38 51
26 38 53
26 38 68
26 38 69
26 39 50
26 39 51
26 39 53
26 39 63
26 39 69
26 40 51
26 40 53
26 40 69
26 41 50
26 41 51
26 41 53
26 41 63
26 41 69
26 41 76
26 50 51
26 50 53
26 50 69
26 51 53
26 51 66
26 51 68
26 51 69
26 53 63
26 53 69
26 63 69
26 66 69
26 68 69
26 69 76
33 34 35
33 34 36
33 34 38
33 34 50
33 34 51
33 34 69
33 35 36
33 35 38
33 35 50
33 35 51
33 35 63
33 35 69
33 36 38
33 36 50
33 36 51
33 36 63
33 36 69
33 38 50
33 38 51
33 38 69
33 50 51
33 50 69
33 51 69
33 63 69
34 35 36
34 35 38
34 35 39
34 35 40
34 35 41
34 35 50
34 35 51
34 35 53
34 35 69
34 36 38
34 36 39
34 36 40
34 36 41
34 36 50
34 36 51
34 36 53
34 36 69
34 37 41
34 37 53
34 37 69
34 38 39
34 38 41
34 38 50
34 38 51
34 38 53
34 38 68
34 38 69
34 39 50
34 39 51
34 39 53
34 39 69
34 40 51
34 40 53
34 40 69
34 41 50
34 41 51
34 41 53
34 41 69
34 50 51
34 50 53
34 50 69
34 51 53
34 51 66
34 51 68
34 51 69
34 53 69
34 55 69
34 66 69
34 68 69
35 36 38
35 36 39
35 36 40
35 36 41
35 36 50
35 36 51
35 36 53
35 36 63
35 36 69
35 38 39
35 38 41
35 38 50
35 38 51
35 38 53
35 38 69
35 39 50
35 39 51
35 39 53
35 39 63
35 39 69
35 40 51
35 40 53
35 40 69
35 41 50
35 41 51
35 41 53
35 41 63
35 41 69
35 50 51
35 50 53
35 50 69
35 51 53
35 51 69
35 53 63
35 53 69
35 63 69
36 38 39
36 38 41
36 38 50
36 38 51
36 38 53
36 38 69
36 39 50
36 39 51
36 39 53
36 39 63
36 39 69
36 40 51
36 40 53
36 40 69
36 41 50
36 41 51
36 41 53
36 41 63
36 41 69
36 41 76
36 50 51
36 50 53
36 50 69
36 51 53
36 51 69
36 53 63
36 53 69
36 63 69
36 69 76
37 41 53
37 41 69
37 53 69
38 39 50
38 39 51
38 39 53
38 39 69
38 41 50
38 41 51
38 41 53
38 41 69
38 50 51
38 50 53
38 50 69
38 51 53
38 51 68
38 51 69
38 53 69
38 68 69
39 46 50
39 50 51
39 50 53
39 50 69
39 51 53
39 51 69
39 53 63
39 53 69
39 63 69
40 51 53
40 51 69
40 53 69
41 48 69
41 50 51
41 50 53
41 50 69
41 51 53
41 51 69
41 53 63
41 53 69
41 63 69
41 69 76
50 51 53
50 51 69
50 53 69
51 53 69
51 66 69
51 68 69
53 63 69
