res_16_53_69_-1.txt
balance:73  
8 9 10 19 20 21 22 23 24 33 34 35 36 37 39 40 45 46 47 49 50 51 52 55 61 63 64 65 66 67 71 72 73 75 76 77  
allnum:36

res_13_38_55_-1.txt
balance:73  
8 9 10 20 26 39 40 41 42 45 46 47 50 51 52 53 61 63 64 65 66 67 68 69 71 72 73 75 76 77  
allnum:30

res_15_55_69_-1.txt
balance:0 12 13 15 42 78  
0 8 9 10 11 12 13 15 16 18 20 22 24 25 26 27 29 31 32 33 34 35 37 38 39 40 41 42 43 44 45 46 47 48 49 50 51 52 53 54 55 56 57 58 59 60 61 62 63 64 65 66 67 68 69 70 71 72 73 74 75 76 77 78  
allnum:64

res_8_17_25_69.txt
balance:13 22 29 40 49  
8 9 10 13 14 22 29 31 33 35 36 37 38 39 40 46 47 48 49 50 52 54 55 56 57 58 59 60 61 63 65 71 72 73 74 75 76 77 78 79  
allnum:40

res_63_25_-1_-1.txt
balance:41 77  
8 9 10 12 17 20 22 25 26 31 33 34 35 39 41 42 43 44 45 46 47 48 49 52 56 57 58 59 60 61 62 63 65 68 71 72 73 74 75 76 77  
allnum:41

res_41_26_-1_-1.txt
balance:46  
33 46 48 50 58 59 60 71 72 73 74 75 76 77  
allnum:14

res_13_15_39_-1.txt
balance:6 24 27 30 36 63  
0 2 6 8 9 11 13 15 17 22 23 24 25 26 27 28 29 30 31 32 33 34 35 36 38 39 40 41 42 43 44 45 46 47 48 49 50 52 53 54 55 56 57 58 59 60 61 62 63 65 66 67 68 69 70 71 72 73 74 75 76 77 78 79  
allnum:64

res_9_15_26_-1.txt
balance:13 40 49 61  
13 20 22 23 24 25 26 28 31 38 39 40 41 42 43 45 46 47 48 49 50 51 52 53 54 56 57 58 59 61 63 65 66 67 68 69 70 71 72 73 74 75 76 77  
allnum:44

res_1_13_38_51.txt
balance:39  
5 20 30 31 32 37 39 42 45 46 47 48 50 54 62 63 64 65 67 68 69 73 74 75 76 77  
allnum:26

res_4_17_50_-1.txt
balance:46  
4 5 6 7 27 31 32 33 34 35 38 40 46 48 50 52 53 54 56 57 58 59 60 61 62 65 71 72 73 74 75 76 77  
allnum:33

res_0_1_35_-1.txt
balance:46 73  
10 31 35 36 37 40 46 50 56 57 58 62 63 64 65 66 67 71 72 73 75 76 77  
allnum:23

res_15_38_13_-1.txt
balance:29  
26 29 31 33 35 39 40 41 42 46 48 50 51 52 53 54 55 56 57 58 59 60 61 62 64 65 66 67 68 69 71 72 73 74 75 76 77  
allnum:37

res_-1_-1_15_-1.txt
balance:11  
11 39 46 71 72 73  
allnum:6

res_9_13_17_-1.txt
balance:29  
0 9 11 12 13 15 22 25 26 29 31 32 33 34 35 38 39 40 42 45 46 47 48 49 50 52 53 54 55 56 57 58 59 60 61 62 63 65 66 67 68 69 70 71 72 73 74 75 76 77 78  
allnum:51

res_9_15_25_36.txt
balance:39  
8 9 10 19 20 21 22 35 36 37 39 40 45 46 47 48 49 50 52 61 62 63 64 65 66 67 75 76 77  
allnum:29

res_1_13_19_51.txt
balance:25  
5 6 7 8 9 10 14 15 16 20 22 23 24 25 29 31 33 34 35 37 39 42 45 46 47 48 49 50 52 54 55 56 57 58 59 60 61 62 63 64 65 66 67 68 69 71 72 73 74 75 76 77  
allnum:52

res_8_17_22_69.txt
balance:14  
14 22 25 29 31 33 35 37 38 39 46 47 48 49 50 54 55 56 58 59 60 61 62 63 64 65 66 71 72 73 74 75 76 77  
allnum:34

res_15_68_-1_-1.txt
balance:11  
11 12 20 25 26 29 30 31 33 35 37 39 40 41 44 45 46 47 48 50 51 52 53 54 55 56 57 58 59 60 61 62 63 64 65 66 67 68 69 70 71 72 73 74 75 76 77  
allnum:47

res_9_17_26_-1.txt
balance:13 22 40 49 61  
13 20 22 25 26 28 31 37 38 39 40 41 42 43 45 46 47 48 49 50 51 52 53 54 56 57 58 59 61 62 63 64 66 67 68 69 70 71 72 73 74 75 76 77  
allnum:44

res_69_59_-1_-1.txt
balance:14  
8 9 10 13 14 18 20 23 24 27 28 35 36 37 38 39 40 42 45 46 47 48 49 50 51 52 53 54 55 57 60 61 62 63 64 65 66 67 68 69 75 76 77  
allnum:43

res_0_1_51_-1.txt
balance:46 73  
46 71 72 73  
allnum:4

res_0_18_34_-1.txt
balance:12  
12 13 18 22 26 31 39 41 43 44 45 46 47 48 49 50 56 57 58 63 65 71 72 73 74 75 76 77  
allnum:28

res_13_26_41_-1.txt
balance:46 50 77  
33 46 48 50 58 59 60 71 72 73 74 75 76 77  
allnum:14

res_0_25_34_50.txt
balance:73  
8 9 10 11 12 20 34 35 36 37 38 39 45 46 47 50 52 53 54 61 62 63 64 65 66 71 72 73 75 76 77 78 79  
allnum:33

res_33_51_53_-1.txt
balance:37 64  
31 33 37 46 48 50 56 57 58 59 60 62 63 64 65 71 72 73 74 75 76 77  
allnum:22

res_17_19_22_-1.txt
balance:68  
1 7 12 16 17 18 22 25 26 27 29 31 32 33 34 35 37 38 39 40 41 42 43 44 45 46 47 48 49 50 51 52 53 54 55 56 57 58 59 60 61 62 63 64 65 67 68 69 70 71 72 73 74 75 76 77 78 79  
allnum:58

res_38_18_-1_-1.txt
balance:46  
31 33 46 48 58 59 60 71 72 73 74 75  
allnum:12

res_15_34_55_-1.txt
balance:33  
18 20 26 31 33 35 43 44 45 46 47 48 50 51 52 53 56 57 58 59 60 61 62 63 65 71 72 73 74 75 76 77  
allnum:32

res_63_26_39_-1.txt
balance:4  
1 3 4 8 11 15 17 18 20 25 26 28 29 30 31 33 34 35 41 42 43 44 45 46 47 48 49 50 52 54 55 56 58 59 60 61 62 63 65 68 71 72 73 74 75 76 77 78 79  
allnum:49

res_1_10_13_-1.txt
balance:41  
8 9 10 12 13 20 22 26 27 28 30 33 35 37 38 39 40 41 42 45 46 47 48 49 50 51 52 53 54 55 58 59 60 61 62 63 64 65 67 68 69 71 72 73 74 75 76 77  
allnum:48

res_0_4_38_41.txt
balance:46  
8 21 22 23 24 33 34 35 37 42 46 47 48 49 50 51 58 59 60 61 62 63 64 65 67 68 69 71 72 73 74 75 76 77  
allnum:34

res_17_26_41_-1.txt
balance:1  
1 16 20 33 35 45 46 47 48 50 52 58 59 60 61 62 63 65 71 72 73 74 75 76 77 78 79  
allnum:27

res_35_39_63_69.txt
balance:65  
10 31 35 36 37 42 46 48 50 51 52 56 57 58 62 63 64 65 67 68 69 71 72 73 74 75 76 77 78 79  
allnum:30

res_17_68_-1_-1.txt
balance:11  
11 12 25 26 29 30 31 33 35 37 39 40 41 46 48 50 51 52 53 54 55 56 57 58 59 60 61 62 63 64 65 66 67 68 71 72 73 74 75 76 77  
allnum:41

res_9_15_68_-1.txt
balance:13  
8 9 10 12 13 14 18 20 22 25 29 31 33 35 36 37 38 39 40 45 46 47 48 49 50 52 54 55 56 57 58 59 60 61 62 63 64 65 66 67 71 72 73 74 75 76 77  
allnum:47

res_7_22_63_-1.txt
balance:65  
4 25 29 30 31 33 35 37 41 46 48 50 58 59 60 61 62 63 64 65 71 72 73 74 75 76 77  
allnum:27

res_15_23_-1_-1.txt
balance:12 63  
12 33 35 48 50 58 59 60 61 62 63 73 74 75 76 77  
allnum:16

res_13_17_36_38.txt
balance:29 39 46  
29 31 33 39 46 48 50 54 55 56 57 58 59 60 71 72 73 74 75 76 77  
allnum:21

res_2_22_40_-1.txt
balance:16  
0 2 4 5 6 7 8 9 10 11 12 13 14 15 16 17 18 20 21 22 23 24 25 26 27 28 29 30 31 32 33 34 35 36 37 38 39 40 41 42 43 44 45 46 47 48 49 50 51 52 53 54 55 56 57 58 59 60 61 62 63 64 65 66 67 68 69 70 71 72 73 74 75 76 77 78 79  
allnum:77

res_17_69_9_-1.txt
balance:25 33  
20 25 33 35 45 46 47 48 50 58 59 60 61 62 63 71 72 73 74 75 76 77  
allnum:22

res_9_18_22_41.txt
balance:46  
6 7 8 9 10 22 23 24 33 34 35 36 46 47 48 49 50 51 52 60 61 62 63 65 71 72 73 74 75 76 77  
allnum:31

res_8_15_17_26.txt
balance:63  
63  
allnum:1

res_0_69_16_-1.txt
balance:46 73  
46 71 72 73  
allnum:4

res_15_26_76_-1.txt
balance:29  
0 7 8 9 10 11 12 15 20 22 24 25 26 29 31 32 33 34 35 36 37 38 39 40 41 42 44 45 46 47 48 49 50 51 52 53 54 55 56 57 58 59 60 61 62 63 64 65 66 67 68 69 70 71 72 73 74 75 76 77 78 79  
allnum:62

res_8_15_22_-1.txt
balance:11  
8 11 26 31 33 34 35 37 39 40 41 42 46 48 50 51 52 53 55 56 57 58 59 60 61 62 63 64 65 66 67 68 69 71 72 73 74 75 76 77 78 79  
allnum:42

res_1_10_13_41.txt
balance:3  
3 5 6 7 9 10 12 14 15 16 20 22 24 28 29 30 31 33 34 35 36 37 38 39 41 42 45 46 47 48 49 50 51 54 55 56 57 58 59 60 61 62 63 64 65 66 67 68 69 71 72 73 74 75 76 77  
allnum:56

res_15_35_36_-1.txt
balance:12  
8 9 10 12 20 23 24 25 29 31 33 35 37 38 39 40 42 44 45 46 47 48 49 50 51 52 54 55 56 57 58 59 60 61 62 63 64 65 66 67 68 69 70 71 72 73 74 75 76 77  
allnum:50

res_17_25_-1_-1.txt
balance:41 48  
12 33 35 41 48 50 58 59 60 61 62 73 74 75 76 77  
allnum:16

res_53_40_-1_-1.txt
balance:46 73  
46 71 72 73  
allnum:4

res_33_63_69_-1.txt
balance:38  
20 33 38 45 46 47 48 52 58 59 60 61 63 65 71 72 73 74 75 77 78 79  
allnum:22

res_9_35_63_-1.txt
balance:4  
4 12 13 14 18 20 22 28 29 30 31 33 38 39 40 41 43 44 45 46 47 48 49 53 54 55 56 57 58 59 60 61 63 71 72 73 74 75  
allnum:38

res_17_51_4_-1.txt
balance:46  
33 35 39 46 48 50 58 59 60 61 62 71 72 73 74 75 76 77  
allnum:18

res_22_26_68_-1.txt
balance:46  
8 22 33 34 35 37 42 46 47 48 49 50 52 53 58 59 60 62 63 64 65 67 68 69 71 72 73 74 75 76 77 78 79  
allnum:33

res_33_35_63_-1.txt
balance:37 64  
6 8 12 25 30 31 32 33 34 35 37 40 42 46 48 56 57 58 59 60 61 62 63 64 65 66 67 68 69 71 72 73 74 75  
allnum:34

res_13_19_39_-1.txt
balance:7 34  
3 7 12 28 29 30 31 32 33 34 35 39 40 41 42 46 48 49 50 53 54 55 56 57 58 59 60 61 62 65 66 67 68 69 71 72 73 74 75 76 77  
allnum:41

res_13_16_69_-1.txt
balance:46 73  
46 71 72 73  
allnum:4

res_1_13_39_-1.txt
balance:48 75  
35 46 48 60 61 62 65 71 72 73 74 75  
allnum:12

res_6_13_38_66.txt
balance:48  
8 9 10 19 20 21 30 33 35 37 40 42 45 46 47 48 50 52 55 56 57 58 59 60 61 62 63 64 65 66 67 68 69 71 72 73 74 75 76 77  
allnum:40

res_63_39_-1_-1.txt
balance:4 20  
0 3 4 6 8 9 11 12 13 15 16 20 21 22 23 24 25 26 28 29 30 31 32 33 34 35 37 38 39 40 41 42 43 44 45 46 47 48 49 50 51 52 53 54 55 56 57 58 59 60 61 62 63 64 65 66 67 68 69 70 71 72 73 74 75 76 77 78 79  
allnum:69

res_9_25_39_-1.txt
balance:59  
8 33 34 35 50 52 59 65 75 76 77 78 79  
allnum:13

res_0_1_22_-1.txt
balance:27  
22 25 27 30 33 35 37 42 46 47 48 49 50 52 58 59 60 61 62 63 64 65 67 68 69 71 72 73 74 75 76 77 78 79  
allnum:34

res_26_40_69_-1.txt
balance:48  
8 9 10 18 20 37 40 45 46 47 48 50 52 61 62 63 64 65 66 67 73 74 75 76 77 78 79  
allnum:27

res_17_19_36_-1.txt
balance:12  
8 9 10 12 20 25 33 35 36 37 39 45 46 47 48 50 52 58 59 60 61 63 71 72 73 74 75 76 77  
allnum:29

res_0_15_34_50.txt
balance:33 60  
18 20 23 31 33 40 42 43 44 45 46 47 48 50 56 57 58 59 60 63 65 66 67 68 69 73 74 75 76 77  
allnum:30

res_53_9_-1_-1.txt
balance:73  
8 9 10 20 35 36 37 45 46 47 50 52 61 63 71 72 73 75 76 77  
allnum:20

res_-1_-1_59_-1.txt
balance:11  
10 11 23 33 35 36 37 40 42 48 49 50 58 59 60 61 62 63 64 65 66 67 68 69 75 76 77  
allnum:27

res_9_15_22_-1.txt
balance:12  
12 31 33 35 37 46 48 50 56 57 58 59 60 61 62 71 72 73 74 75 76 77  
allnum:22

res_10_15_69_-1.txt
balance:0 44 78  
0 9 10 11 12 13 14 16 19 20 21 22 23 24 25 26 29 31 32 33 34 35 36 37 38 39 40 41 42 44 45 46 47 48 49 50 51 52 53 54 55 56 57 58 59 60 61 62 63 64 65 66 67 68 69 70 71 72 73 74 75 76 77 78  
allnum:64

res_4_15_51_-1.txt
balance:46  
33 35 37 39 46 48 50 58 59 60 61 62 63 64 65 71 72 73 74 75 76 77  
allnum:22

res_0_35_38_-1.txt
balance:63  
31 48 56 57 58 63 73 74 75  
allnum:9

res_0_8_26_41.txt
balance:48  
37 40 48 50 55 62 63 64 65 66 67 73 74 75 76 77  
allnum:16

res_13_17_39_-1.txt
balance:6 13 24 27 36  
0 1 2 3 6 8 9 11 12 13 15 17 18 19 22 23 24 25 26 27 28 29 30 31 32 33 34 35 36 37 38 39 40 41 42 43 44 45 46 47 48 49 50 51 52 53 54 55 56 57 58 59 60 61 62 63 64 65 66 67 68 69 70 71 72 73 74 75 76 77 78 79  
allnum:72

res_17_26_40_-1.txt
balance:13  
11 13 15 18 20 22 25 26 27 31 35 37 38 39 40 41 43 44 45 46 47 48 49 50 51 52 53 56 57 58 60 61 62 63 64 65 69 70 71 72 73 75 76 77 78 79  
allnum:46

res_2_13_-1_-1.txt
balance:29  
11 12 15 22 29 31 33 35 38 39 40 41 46 47 48 49 50 52 54 55 56 57 58 59 60 61 62 71 72 73 74 75 76 77 78 79  
allnum:36

res_17_39_-1_-1.txt
balance:8 17 20  
0 2 3 8 9 11 15 17 20 22 23 25 26 28 29 30 31 32 33 34 35 37 38 39 40 41 42 43 44 45 46 47 48 49 50 52 53 54 56 57 58 59 60 61 62 63 64 65 66 67 68 69 70 71 72 73 74 75 76 77 78  
allnum:61

res_63_69_-1_-1.txt
balance:14 46  
14 16 33 46 48 58 59 60 71 72 73 74 75  
allnum:13

res_17_22_40_-1.txt
balance:16 64  
0 2 4 5 6 7 8 9 11 12 13 14 15 16 17 18 19 20 21 22 23 24 25 26 27 28 29 30 31 32 33 34 35 36 37 38 39 40 41 42 43 44 45 46 47 48 49 50 51 52 53 54 55 56 57 58 59 60 61 62 63 64 65 66 67 68 69 70 71 72 73 74 75 76 77 78 79  
allnum:77

res_9_22_33_34.txt
balance:46  
6 7 8 9 10 22 23 24 26 31 32 33 34 35 37 38 39 40 41 46 48 49 50 51 52 53 54 55 58 59 60 61 62 63 64 65 66 67 68 71 72 73 74 75 76 77 78 79  
allnum:48

res_12_9_-1_-1.txt
balance:46  
25 29 33 46 48 50 54 55 56 58 59 60 71 72 73 74 75 76 77  
allnum:19

res_69_48_-1_-1.txt
balance:14  
7 8 9 10 14 16 19 20 21 22 24 26 32 33 34 39 40 41 45 46 47 48 49 50 51 52 53 55 58 59 60 61 63 64 65 66 67 68 71 72 73 74 75 76 77  
allnum:45

res_9_15_17_-1.txt
balance:3 30  
3 28 29 30  
allnum:4

res_8_15_26_-1.txt
balance:13 49  
8 9 10 13 18 20 21 22 23 26 33 35 36 37 38 39 40 41 43 44 45 46 47 48 49 50 51 52 53 58 59 60 61 63 64 65 66 67 68 71 72 73 74 75 76 77  
allnum:46

res_15_40_-1_-1.txt
balance:17  
0 2 8 9 10 11 12 15 17 20 22 23 25 26 30 31 32 33 34 35 36 37 38 39 40 41 42 43 44 45 46 47 48 49 50 51 52 53 54 55 56 57 58 59 60 61 62 63 64 65 66 67 68 69 70 71 72 73 74 75 76 77 78  
allnum:63

res_15_63_69_-1.txt
balance:1 10  
0 1 2 4 5 6 9 10 11 12 13 14 15 16 18 20 21 22 23 24 25 26 27 28 29 30 31 32 33 34 35 36 37 39 40 41 42 43 44 45 46 47 48 49 50 51 52 53 54 55 56 57 58 59 60 61 62 63 64 65 66 67 68 69 70 71 72 73 74 75 76 77 78  
allnum:73

res_17_40_-1_-1.txt
balance:17  
0 2 8 9 10 11 12 15 17 20 22 23 25 26 30 31 32 33 34 35 36 37 38 39 40 41 42 43 44 45 46 47 48 49 50 51 52 53 54 55 56 57 58 59 60 61 62 63 64 65 66 67 68 69 70 71 72 73 74 75 76 77 78  
allnum:63

res_33_50_63_69.txt
balance:38  
10 20 23 27 35 36 37 38 40 45 46 47 48 49 50 51 52 53 54 57 62 63 64 65 66 67 75 76 77 78 79  
allnum:31

res_2_25_-1_-1.txt
balance:41  
8 9 10 12 20 26 33 35 36 37 41 45 46 47 48 50 51 52 53 58 59 60 61 62 63 65 71 72 73 74 75 76 77 78 79  
allnum:35

res_2_26_41_-1.txt
balance:1  
1 6 7 8 9 10 13 16 20 22 24 26 27 28 31 32 33 34 35 36 37 38 39 40 45 46 47 48 49 50 51 52 53 54 55 56 57 58 59 60 61 62 63 65 66 67 71 72 73 74 75 76 77 78 79  
allnum:55

res_9_17_22_-1.txt
balance:12  
8 9 10 12 31 33 35 37 42 46 48 50 52 56 57 58 59 60 61 62 63 64 65 67 68 69 71 72 73 74 75 76 77 78 79  
allnum:35

res_1_13_22_50.txt
balance:46  
8 9 10 13 22 23 24 26 27 28 33 34 35 36 38 39 40 42 44 46 47 48 49 50 51 52 53 54 55 61 63 65 66 67 68 69 70 71 72 73 74 75 76 77 78 79  
allnum:46

res_15_26_33_-1.txt
balance:38  
3 4 5 6 7 8 9 10 12 13 14 15 16 18 20 21 22 23 24 25 26 28 29 30 31 32 33 34 35 36 37 38 39 40 41 43 44 45 46 47 48 49 50 51 52 53 55 56 57 58 59 60 61 62 63 64 65 66 67 68 71 72 73 74 75 76 77 78 79  
allnum:69

res_15_36_66_-1.txt
balance:12  
8 9 10 12 20 24 26 29 31 33 35 36 37 39 40 41 42 44 45 46 47 48 49 50 51 52 53 54 55 56 57 58 59 60 61 62 63 64 65 66 67 68 69 70 71 72 73 74 75 76 77  
allnum:51

res_1_13_35_38.txt
balance:38  
9 19 20 21 26 37 38 39 40 41 45 46 47 49 50 51 52 53 54 62 63 64 65 66 67 68 71 72 73 75 76 77  
allnum:32

res_13_37_68_-1.txt
balance:46  
35 46 48 60 61 62 71 72 73 74 75  
allnum:11

res_17_22_25_-1.txt
balance:1 15 64  
0 1 9 13 15 16 22 25 26 31 32 33 34 35 37 38 39 40 41 42 44 45 46 47 48 49 50 52 53 54 56 57 58 59 60 61 62 63 64 65 66 67 68 69 70 71 72 73 74 75 76 77 78 79  
allnum:54

res_66_9_-1_-1.txt
balance:46 73  
46 71 72 73  
allnum:4

res_15_13_-1_-1.txt
balance:29  
11 12 15 22 29 31 33 35 38 39 40 46 47 48 49 50 54 55 56 57 58 59 60 61 62 71 72 73 74 75 76 77  
allnum:32

res_1_6_13_35.txt
balance:48  
8 33 34 35 37 46 48 50 58 59 60 62 63 64 65 71 72 73 74 75 76 77  
allnum:22

res_26_51_63_-1.txt
balance:46  
29 33 37 39 46 48 50 52 54 55 56 58 59 60 62 63 64 65 71 72 73 74 75 76 77 78 79  
allnum:27

res_40_22_-1_-1.txt
balance:35 46 48 50 62 77  
35 46 48 50 60 61 62 71 72 73 74 75 76 77  
allnum:14

res_2_9_-1_-1.txt
balance:13 22 49  
8 9 10 13 20 22 33 34 35 36 37 38 39 40 41 45 46 47 48 49 50 52 55 61 62 63 64 65 66 67 71 72 73 75 76 77  
allnum:36

res_17_35_36_-1.txt
balance:12 44  
8 9 10 12 25 29 30 31 33 35 39 40 44 46 48 50 52 54 55 56 57 58 59 60 61 62 63 65 66 67 69 70 71 72 73 74 75 76 77  
allnum:39

res_1_13_36_53.txt
balance:39  
20 24 37 39 45 46 47 49 50 51 63 65 71 72 73 75 76 77  
allnum:18

res_63_9_-1_-1.txt
balance:4 13 22 49  
4 11 13 15 22 25 28 29 30 31 33 35 38 39 40 41 46 47 48 49 53 54 55 56 57 58 59 60 61 62 63 71 72 73 74 75  
allnum:36

res_8_19_13_-1.txt
balance:18 45  
4 7 8 9 10 13 18 25 26 29 30 31 32 33 34 35 37 39 41 42 43 44 45 46 48 49 50 52 55 56 57 58 59 60 61 62 63 64 65 67 68 69 71 72 73 74 75 76 77  
allnum:49

res_6_18_-1_-1.txt
balance:73  
8 9 10 20 45 46 47 50 52 55 61 63 71 72 73 75 76 77  
allnum:18

res_13_17_26_-1.txt
balance:20  
0 2 9 11 12 15 20 22 23 25 26 29 30 31 32 33 34 35 38 39 40 41 42 44 45 46 47 48 49 50 52 53 54 55 56 57 58 59 60 61 62 63 65 66 67 68 69 70 71 72 73 74 75 76 77 78  
allnum:56

res_0_19_22_-1.txt
balance:6 15 57  
4 5 6 8 9 10 13 14 15 22 25 26 29 30 31 33 35 40 46 47 48 49 50 51 52 53 56 57 58 59 60 61 62 63 65 66 67 71 72 73 74 75 76 77 78 79  
allnum:46

res_9_15_22_26.txt
balance:12  
6 12 20 25 29 31 32 33 35 37 40 42 45 46 47 48 50 54 55 56 57 58 60 61 62 63 64 65 66 67 68 69 71 72 73 74 75 76 77  
allnum:39

res_3_26_39_-1.txt
balance:11 17 26 68  
0 3 4 5 6 7 8 9 10 11 13 14 15 16 17 18 20 21 22 24 25 26 28 29 30 31 32 33 34 35 36 37 39 40 41 42 43 44 45 46 47 48 49 50 52 54 55 56 57 58 59 60 61 62 63 64 65 66 67 68 69 70 71 72 73 74 75 76 77 78 79  
allnum:71

res_0_35_39_-1.txt
balance:48 63  
31 33 46 48 50 56 57 58 59 60 63 65 71 72 73 74 75 76 77  
allnum:19

res_9_15_22_25.txt
balance:13 40  
13 22 23 24 31 33 35 37 38 39 40 46 47 48 49 50 52 56 57 58 59 60 61 62 63 65 66 71 72 73 74 75 76 77 78 79  
allnum:36

res_2_69_-1_-1.txt
balance:14  
8 9 10 14 20 37 40 45 46 47 50 52 61 62 63 64 65 66 67 75 76 77  
allnum:22

res_17_36_66_-1.txt
balance:12 44  
8 9 10 12 20 26 29 31 33 35 36 37 39 40 41 44 45 46 47 48 50 51 52 53 54 55 56 57 58 59 60 61 62 63 64 65 66 67 68 69 70 71 72 73 74 75 76 77  
allnum:48

res_19_69_13_-1.txt
balance:46 73  
46 71 72 73  
allnum:4

res_1_17_36_53.txt
balance:30  
8 9 10 12 20 24 25 27 29 30 31 33 35 36 37 39 45 46 47 48 49 50 51 52 54 55 56 57 58 59 60 61 63 65 71 72 73 74 75 76 77  
allnum:41

res_15_17_25_-1.txt
balance:50 77  
50 75 76 77  
allnum:4

res_17_69_-1_-1.txt
balance:14 50 77  
14 50 75 76 77  
allnum:5

res_8_13_-1_-1.txt
balance:46  
8 9 10 33 37 46 48 50 52 58 59 60 61 62 63 64 65 71 72 73 74 75 76 77  
allnum:24

res_8_0_-1_-1.txt
balance:46 73  
46 71 72 73  
allnum:4

res_9_39_68_-1.txt
balance:4 31  
4 6 7 8 9 10 12 13 18 20 22 24 26 29 30 31 33 34 35 36 37 38 39 40 41 43 44 45 46 47 48 49 50 51 52 53 54 55 56 57 58 59 60 61 62 63 64 65 66 67 68 71 72 73 74 75 76 77 78 79  
allnum:60

res_10_41_69_-1.txt
balance:48 75  
14 46 48 71 72 73 74 75  
allnum:8

res_51_50_-1_-1.txt
balance:46 73  
46 71 72 73  
allnum:4

res_8_26_53_-1.txt
balance:73  
8 9 10 20 40 42 45 46 47 50 52 61 63 65 66 67 68 69 71 72 73 75 76 77 78 79  
allnum:26

res_15_17_35_-1.txt
balance:46  
5 30 31 32 33 46 48 58 59 60 71 72 73 74 75  
allnum:15

res_25_22_-1_-1.txt
balance:46  
33 46 48 50 58 59 60 71 72 73 74 75 76 77  
allnum:14

res_1_13_51_-1.txt
balance:46 73  
46 71 72 73  
allnum:4

res_41_55_69_-1.txt
balance:46  
33 46 48 50 58 59 60 71 72 73 74 75 76 77  
allnum:14

res_17_13_-1_-1.txt
balance:29  
11 12 15 22 25 29 30 31 33 35 38 39 40 46 47 48 49 50 54 55 56 57 58 59 60 61 62 65 71 72 73 74 75 76 77  
allnum:35

res_1_17_22_41.txt
balance:30  
8 9 10 22 24 29 30 31 33 35 37 40 46 47 48 49 50 51 52 54 55 56 57 58 59 60 61 62 63 64 65 66 67 71 72 73 74 75 76 77 78 79  
allnum:42

res_0_8_34_41.txt
balance:48 75  
48 73 74 75  
allnum:4

res_9_35_53_-1.txt
balance:73  
8 9 10 20 33 37 38 39 45 46 47 50 52 55 61 62 63 64 65 66 71 72 73 75 76 77  
allnum:26

res_10_15_-1_-1.txt
balance:44  
11 12 13 14 20 22 29 31 33 35 37 38 39 40 41 42 44 45 46 47 48 49 50 54 55 56 57 58 59 60 61 62 63 64 67 68 69 70 71 72 73 74 75 76 77  
allnum:45

res_2_26_-1_-1.txt
balance:15 60  
7 10 13 15 20 22 26 27 28 31 32 33 34 35 36 37 38 39 40 45 46 47 48 49 50 51 52 53 54 55 56 57 58 60 63 75 76 77  
allnum:38

res_46_39_-1_-1.txt
balance:79  
8 9 10 12 18 20 22 26 28 31 33 34 35 36 37 38 39 40 41 42 43 44 45 46 47 48 49 50 52 53 54 55 56 57 58 59 60 61 62 63 64 65 66 67 68 69 70 71 72 73 74 75 76 77 78 79  
allnum:56

res_15_26_13_-1.txt
balance:20  
0 2 9 11 12 15 20 22 23 25 26 29 31 32 33 34 35 38 39 40 41 42 44 45 46 47 48 49 50 52 53 54 55 56 57 58 59 60 61 62 63 65 66 67 68 69 70 71 72 73 74 75 76 77 78  
allnum:55

res_0_18_-1_-1.txt
balance:46 73  
46 71 72 73  
allnum:4

res_25_39_69_-1.txt
balance:48 75  
48 73 74 75  
allnum:4

res_8_10_35_-1.txt
balance:46  
31 33 38 40 46 48 50 56 57 58 59 60 71 72 73 74 75 76 77  
allnum:19

res_15_23_34_36.txt
balance:35 50 62 77  
35 50 60 61 62 75 76 77  
allnum:8

res_0_1_41_69.txt
balance:46 73  
46 71 72 73  
allnum:4

res_9_17_38_69.txt
balance:60  
8 9 10 20 22 23 24 25 26 33 34 35 36 37 40 45 46 47 50 51 52 53 58 59 60 61 62 63 64 65 66 67 75 76 77  
allnum:35

res_13_17_36_53.txt
balance:29  
12 29 31 33 35 37 39 46 48 50 54 55 56 57 58 59 60 61 62 71 72 73 74 75 76 77  
allnum:26

res_13_37_63_-1.txt
balance:29  
0 9 11 13 14 15 25 26 29 30 31 32 33 34 35 39 40 41 42 45 46 48 49 50 52 53 54 55 56 57 58 59 60 61 62 63 65 66 67 68 69 70 71 72 73 74 75 76 77 78  
allnum:50

res_13_38_39_-1.txt
balance:46 73  
46 71 72 73  
allnum:4

res_23_63_-1_-1.txt
balance:12 50 77  
12 25 33 39 46 48 50 58 59 60 61 63 71 72 73 74 75 76 77  
allnum:19

res_17_50_51_-1.txt
balance:15  
2 4 5 8 9 10 11 13 14 15 20 21 22 23 25 26 28 29 30 31 32 33 35 37 38 39 40 41 42 45 46 47 48 49 50 51 52 53 54 55 56 57 58 59 60 61 62 63 64 65 66 67 68 69 71 72 73 74 75 76 77 78 79  
allnum:63

res_25_34_38_63.txt
balance:29 69  
1 8 9 10 12 15 20 25 27 29 31 33 35 37 40 45 46 47 48 50 52 56 57 58 59 60 61 62 63 64 65 66 67 68 69 71 72 73 74 75 76 77  
allnum:42

res_15_25_69_-1.txt
balance:0 12 13 15 44 49 54 78  
0 9 10 11 12 13 15 19 20 21 22 23 24 25 26 31 32 33 34 35 36 37 38 39 40 41 42 44 45 46 47 48 49 50 51 52 53 54 56 57 58 59 60 61 62 63 64 65 66 67 68 69 70 71 72 73 74 75 76 77 78  
allnum:61

res_6_17_26_-1.txt
balance:59  
20 21 22 23 24 35 37 38 39 45 46 47 49 50 51 59 62 63 64 65 66 75 76 77  
allnum:24

res_13_22_34_66.txt
balance:46 73  
46 71 72 73  
allnum:4

res_17_22_34_40.txt
balance:48  
8 9 10 12 17 18 20 23 25 26 27 34 35 36 37 40 41 42 43 44 45 46 47 48 50 51 52 53 59 60 61 62 63 64 65 66 67 71 72 73 74 75 76 77  
allnum:44

res_15_17_19_-1.txt
balance:41  
3 12 25 28 29 30 31 33 39 41 46 48 50 56 57 58 59 60 61 63 65 71 72 73 74 75 76 77  
allnum:28

res_15_22_25_69.txt
balance:27  
8 9 10 14 20 22 25 27 35 37 45 46 47 48 49 50 52 53 60 61 62 63 64 65 71 72 73 74 75 76 77 78 79  
allnum:33

res_17_26_-1_-1.txt
balance:15 46 60 63 73  
15 22 31 38 39 40 46 47 48 49 50 56 57 58 60 63 71 72 73 75 76 77  
allnum:22

res_19_22_25_36.txt
balance:39  
0 22 23 24 25 27 28 29 31 33 37 39 40 42 43 45 46 48 50 51 52 53 54 55 56 57 58 59 60 63 65 66 67 68 69 70 71 72 73 74 75 76 77 78 79  
allnum:45

res_8_25_40_69.txt
balance:4 31  
4 8 9 10 29 30 31 35 36 37 40 46 50 52 59 61 62 63 64 65 66 67 71 72 73 75 76 77 78 79  
allnum:30

res_13_26_63_-1.txt
balance:15 20  
0 6 8 9 11 12 13 15 16 17 20 21 22 23 24 25 26 28 29 30 31 32 33 34 35 38 39 40 41 42 44 45 46 47 48 49 50 51 52 53 54 55 56 57 58 59 60 61 62 63 65 66 67 68 69 70 71 72 73 74 75 76 77 78 79  
allnum:65

res_17_22_-1_-1.txt
balance:63  
25 29 33 35 46 48 50 54 55 56 58 59 60 61 62 63 71 72 73 74 75 76 77  
allnum:23

res_0_19_34_-1.txt
balance:12  
3 5 6 7 12 14 15 16 22 23 25 26 28 29 30 31 33 34 35 39 41 42 43 45 46 47 48 49 50 51 52 53 54 55 56 57 58 59 60 61 62 63 65 66 67 68 69 70 71 72 73 74 75 76 77 78 79  
allnum:57

res_15_22_-1_-1.txt
balance:63  
25 29 33 35 46 48 50 54 55 56 58 59 60 61 62 63 71 72 73 74 75 76 77  
allnum:23

res_15_19_26_-1.txt
balance:27  
3 5 7 15 18 20 22 23 24 26 27 28 29 30 31 32 33 34 37 38 39 40 41 42 43 44 45 46 47 48 49 50 51 52 53 54 56 57 58 59 60 62 63 64 65 66 67 68 69 71 72 73 74 75 76 77 78 79  
allnum:58

res_51_61_-1_-1.txt
balance:73  
8 9 10 20 26 35 36 37 39 40 41 45 46 47 50 51 52 53 55 61 62 63 64 65 66 67 68 71 72 73 75 76 77  
allnum:33

res_25_40_69_-1.txt
balance:48  
20 45 46 47 48 50 73 74 75 76 77  
allnum:11

res_41_69_18_-1.txt
balance:46 73  
46 71 72 73  
allnum:4

res_15_69_-1_-1.txt
balance:14 50 77  
14 50 75 76 77  
allnum:5

res_15_17_22_40.txt
balance:24  
3 4 5 6 7 8 9 13 14 15 17 18 19 20 21 22 23 24 26 28 29 30 31 32 33 34 35 36 39 42 46 48 49 50 52 53 54 55 56 57 58 59 60 61 62 63 65 67 68 69 71 72 73 74 75 76 77 78 79  
allnum:59

res_1_17_37_-1.txt
balance:30  
29 30 31 33 35 40 42 46 48 50 54 55 56 57 58 59 60 61 62 65 66 67 68 69 71 72 73 74 75 76 77  
allnum:31

res_3_22_26_-1.txt
balance:12  
8 12 20 25 27 29 30 33 34 35 42 45 46 47 48 50 54 55 56 58 59 60 61 62 63 65 67 68 69 71 72 73 74 75 76 77  
allnum:36

res_1_13_38_53.txt
balance:58  
20 26 31 37 39 40 41 42 45 46 47 48 50 51 52 53 54 58 62 63 64 65 66 67 68 69 71 72 73 74 75 76 77  
allnum:33

res_0_18_51_-1.txt
balance:73  
10 11 12 20 45 46 47 50 54 63 71 72 73 75 76 77  
allnum:16

res_15_25_22_-1.txt
balance:1 15  
0 1 9 13 15 16 22 25 26 31 32 33 34 35 37 38 39 40 41 42 45 46 47 48 49 50 52 53 54 55 56 57 58 59 60 61 62 63 64 65 66 67 68 69 70 71 72 73 74 75 76 77 78 79  
allnum:54

res_41_69_40_-1.txt
balance:46  
33 46 48 50 58 59 60 71 72 73 74 75 76 77  
allnum:14

res_10_36_38_-1.txt
balance:46  
8 9 22 23 24 33 34 35 36 37 38 39 46 47 48 49 50 51 62 63 64 65 66 71 72 73 74 75 76 77  
allnum:30

res_15_18_-1_-1.txt
balance:13  
2 6 8 9 10 11 12 13 15 18 20 22 23 24 26 28 29 31 32 33 35 37 38 39 40 41 42 43 44 45 46 47 48 49 50 51 52 53 54 55 56 57 58 59 60 61 62 63 64 65 66 67 68 69 70 71 72 73 74 75 76 77  
allnum:62

res_13_18_39_-1.txt
balance:6  
4 6 11 12 20 23 26 29 30 31 32 33 35 41 45 46 47 48 49 50 58 59 60 61 62 63 65 71 72 73 74 75 76 77  
allnum:34

res_1_13_22_69.txt
balance:46  
8 9 10 22 23 24 37 46 47 48 49 50 52 61 62 63 64 65 66 71 72 73 74 75 76 77  
allnum:26

res_21_22_-1_-1.txt
balance:46  
33 46 48 58 59 60 71 72 73 74 75  
allnum:11

res_0_19_22_26.txt
balance:31  
22 27 31 33 37 40 42 46 47 48 49 50 53 56 57 58 59 60 62 63 64 65 66 67 68 69 71 72 73 74 75 76 77 78 79  
allnum:35

res_15_26_-1_-1.txt
balance:15 60 73  
15 20 22 24 31 35 37 38 39 40 45 46 47 48 49 50 51 56 57 58 60 62 63 64 65 66 71 72 73 75 76 77  
allnum:32

res_10_15_41_69.txt
balance:1  
1 3 7 9 12 14 16 20 22 23 28 29 30 31 32 33 34 35 36 37 39 41 42 43 45 46 47 48 49 50 52 56 57 58 59 60 61 62 63 64 65 71 72 73 74 75 76 77 78 79  
allnum:50

res_1_13_35_53.txt
balance:38  
9 12 19 20 21 25 26 31 35 37 38 39 40 41 45 46 47 49 50 51 52 53 54 58 60 61 62 63 64 65 66 67 68 71 72 73 75 76 77  
allnum:39

res_2_9_22_-1.txt
balance:12  
8 9 10 12 29 31 33 35 37 41 46 48 50 52 54 55 56 57 58 59 60 61 62 63 64 65 71 72 73 74 75 76 77 78 79  
allnum:35

res_22_51_63_-1.txt
balance:46  
33 46 48 58 59 60 71 72 73 74 75  
allnum:11

res_17_25_38_69.txt
balance:25  
20 21 22 23 25 26 31 45 46 47 48 50 51 52 53 56 57 58 59 63 65 73 74 75 76 77  
allnum:26

res_-1_-1_2_-1.txt
balance:11  
11 39 46 71 72 73  
allnum:6

res_15_50_51_-1.txt
balance:15  
2 4 5 8 9 10 11 13 14 15 18 19 20 21 22 23 24 25 26 28 29 30 31 32 33 35 36 37 38 39 40 41 42 43 44 45 46 47 48 49 50 51 52 53 54 55 56 57 58 59 60 61 62 63 64 65 66 67 68 69 71 72 73 74 75 76 77  
allnum:67

res_9_13_22_51.txt
balance:46  
8 9 10 33 37 42 46 48 50 52 55 57 61 62 63 64 65 67 68 69 71 72 73 74 75 76 77 78 79  
allnum:29

res_23_26_34_63.txt
balance:48 75  
48 73 74 75  
allnum:4

res_0_35_41_-1.txt
balance:48 75  
48 73 74 75  
allnum:4

res_13_38_68_-1.txt
balance:73  
20 37 40 42 45 46 47 50 52 62 63 64 65 66 67 68 69 71 72 73 75 76 77 78 79  
allnum:25

res_19_25_-1_-1.txt
balance:48 75  
48 73 74 75  
allnum:4

res_13_25_37_-1.txt
balance:63  
31 33 35 42 46 48 50 56 57 58 59 60 61 62 63 67 68 69 71 72 73 74 75 76 77  
allnum:25

res_15_76_-1_-1.txt
balance:29  
11 12 29 31 33 35 39 41 46 48 54 55 56 57 58 59 60 61 62 63 64 65 71 72 73 74 75  
allnum:27

res_2_9_13_-1.txt
balance:29  
0 8 9 10 11 12 13 15 20 22 25 26 29 31 32 33 34 35 38 39 40 41 42 45 46 47 48 49 50 52 53 54 55 56 57 58 59 60 61 62 63 65 66 67 68 69 70 71 72 73 74 75 76 77 78 79  
allnum:56

res_15_34_68_-1.txt
balance:33 60  
18 20 26 31 33 43 44 45 46 47 48 50 56 57 58 59 60 63 65 71 72 73 74 75 76 77  
allnum:26

res_7_13_35_-1.txt
balance:50 77  
50 75 76 77  
allnum:4

res_17_25_36_-1.txt
balance:48  
31 35 37 39 48 50 56 57 58 60 61 62 73 74 75 76 77  
allnum:17

res_10_9_-1_-1.txt
balance:46 73  
46 71 72 73  
allnum:4

res_9_15_69_-1.txt
balance:25 33  
8 9 10 20 25 33 35 40 45 46 47 48 50 52 58 59 60 61 62 63 65 66 67 71 72 73 74 75 76 77  
allnum:30

res_3_26_-1_-1.txt
balance:0 9 42 44 78  
0 7 9 10 11 12 13 20 22 25 26 27 28 30 31 32 33 34 35 36 37 38 39 40 41 42 44 45 46 47 48 49 50 51 52 53 54 55 56 57 58 59 60 61 62 63 65 66 67 68 69 70 71 72 73 74 75 76 77 78  
allnum:60

res_13_15_36_53.txt
balance:29  
12 18 22 29 31 33 35 37 39 43 44 45 46 47 48 49 50 54 55 56 57 58 59 60 61 62 63 71 72 73 74 75 76 77  
allnum:34

res_2_22_-1_-1.txt
balance:48 63  
25 29 35 46 48 50 54 55 56 60 61 62 63 71 72 73 74 75 76 77  
allnum:20

res_63_38_35_-1.txt
balance:4  
3 4 8 20 25 27 28 29 30 31 33 34 35 37 38 40 42 45 46 47 48 50 52 54 55 56 57 58 59 60 61 62 63 65 66 67 68 69 71 72 73 74 75 76 77 78 79  
allnum:47

res_15_39_-1_-1.txt
balance:8 17 20  
0 2 8 9 11 13 15 17 18 20 22 23 25 26 31 32 33 34 35 37 38 39 40 41 42 43 44 45 46 47 48 49 50 52 53 54 56 57 58 59 60 61 62 63 64 65 66 67 68 69 70 71 72 73 74 75 76 77 78  
allnum:59

res_2_10_-1_-1.txt
balance:44  
4 5 6 8 9 10 11 12 13 14 15 22 24 26 29 31 32 33 35 36 37 38 39 40 41 42 44 46 47 48 49 50 51 52 53 54 55 56 57 58 59 60 61 62 63 64 65 66 67 68 69 70 71 72 73 74 75 76 77 78 79  
allnum:61

res_8_17_22_-1.txt
balance:11  
11 19 20 21 25 26 31 33 35 37 39 40 42 46 48 50 51 52 53 55 56 57 58 59 60 61 62 63 64 65 66 67 68 69 71 72 73 74 75 76 77 78 79  
allnum:43

res_25_35_50_-1.txt
balance:63  
63  
allnum:1

res_9_39_63_69.txt
balance:77  
8 9 10 12 14 16 22 23 24 25 27 29 33 34 35 36 37 46 47 48 49 50 51 52 54 55 56 58 59 60 61 62 63 64 65 71 72 73 74 75 76 77  
allnum:42

res_0_9_15_-1.txt
balance:73  
20 26 45 46 47 50 51 52 53 63 71 72 73 75 76 77  
allnum:16

res_-1_-1_63_-1.txt
balance:11  
11 29 33 46 48 54 55 56 58 59 60 71 72 73 74 75  
allnum:16

res_2_13_38_-1.txt
balance:29  
8 9 10 20 25 26 29 31 33 35 39 40 41 42 45 46 47 48 50 51 52 53 54 55 56 57 58 59 60 61 62 63 64 65 66 67 68 69 71 72 73 74 75 76 77  
allnum:45

res_41_50_51_-1.txt
balance:48  
31 33 46 48 50 56 57 58 59 60 61 65 71 72 73 74 75 76 77  
allnum:19

res_8_15_41_-1.txt
balance:61  
3 12 26 28 29 30 31 33 37 39 40 41 46 48 50 51 52 53 56 57 58 59 60 61 62 63 64 65 66 67 68 71 72 73 74 75 76 77 78 79  
allnum:40

res_8_36_63_69.txt
balance:48 75  
33 35 42 48 58 59 60 61 62 63 67 68 69 73 74 75  
allnum:16

res_13_26_39_-1.txt
balance:46  
35 46 48 50 60 61 62 71 72 73 74 75 76 77  
allnum:14

res_17_9_-1_-1.txt
balance:13 22 40 49 61  
13 22 38 39 40 46 47 48 49 61 65 71 72 73  
allnum:14

res_17_19_26_-1.txt
balance:18 27  
7 15 18 20 22 24 26 27 31 32 33 34 35 37 38 39 40 41 43 44 45 46 47 48 49 50 51 52 53 56 57 58 59 60 61 62 63 64 65 66 67 68 71 72 73 74 75 76 77  
allnum:49

res_0_18_35_-1.txt
balance:31 58  
0 8 9 10 11 12 18 20 24 26 28 29 30 31 33 34 35 37 40 41 42 45 46 47 48 50 51 52 53 54 55 56 57 58 59 61 62 63 64 65 66 67 68 69 71 72 73 74 75 76 77 78 79  
allnum:53

res_15_17_22_25.txt
balance:15  
3 7 8 9 15 19 20 21 22 25 28 29 30 31 32 33 34 35 36 37 38 39 40 44 46 47 48 49 50 52 56 57 58 59 60 61 62 63 64 65 69 70 71 72 73 74 75 76 77 78 79  
allnum:51

res_1_13_38_50.txt
balance:38  
5 8 9 10 16 30 31 32 38 41 42 43 48 50 52 61 63 65 67 68 69 73 74 75 76 77  
allnum:26

res_33_37_51_-1.txt
balance:37 64  
8 9 10 18 20 27 33 34 35 37 43 44 45 46 47 50 52 53 54 61 62 63 64 75 76 77  
allnum:26

res_38_39_63_-1.txt
balance:4  
4 8 9 10 20 25 27 29 30 31 33 35 45 46 47 48 52 54 55 56 57 58 59 60 61 62 63 71 72 73 74 75  
allnum:32

res_15_25_-1_-1.txt
balance:41  
12 20 33 35 41 45 46 47 50 58 59 60 61 62 63 75 76 77  
allnum:18

res_8_17_26_69.txt
balance:29 56  
8 9 10 18 29 35 36 37 43 44 45 50 52 54 55 56 61 63 75 76 77  
allnum:21

res_15_9_13_-1.txt
balance:29  
0 9 11 12 13 15 22 25 26 29 31 32 33 34 35 38 39 40 42 45 46 47 48 49 50 52 53 54 55 56 57 58 59 60 61 62 63 65 66 67 68 69 70 71 72 73 74 75 76 77 78  
allnum:51

res_8_17_26_-1.txt
balance:13 22 40 49 61  
13 22 28 33 37 38 39 40 46 47 48 49 50 58 59 60 61 62 63 64 65 71 72 73 74 75 76 77  
allnum:28

res_13_15_36_38.txt
balance:29 39 46  
18 22 29 31 33 39 43 44 45 46 47 48 49 50 54 55 56 57 58 59 60 63 71 72 73 74 75 76 77  
allnum:29

res_1_8_13_-1.txt
balance:46  
46 48 50 61 71 72 73 74 75 76 77  
allnum:11

res_4_35_66_69.txt
balance:33  
8 9 10 19 20 21 22 23 25 26 27 33 35 37 39 40 41 42 45 46 47 50 51 52 53 54 58 59 60 61 62 63 64 65 66 67 68 69 75 76 77 78 79  
allnum:43

res_17_23_-1_-1.txt
balance:12 63  
12 33 35 48 50 58 59 60 61 62 63 73 74 75 76 77  
allnum:16

res_10_25_69_-1.txt
balance:46 73  
46 71 72 73  
allnum:4

res_0_2_34_50.txt
balance:33 60  
3 8 9 10 13 18 20 26 27 28 29 30 31 33 38 39 40 43 44 45 46 47 48 50 51 52 53 54 55 56 57 58 59 60 61 63 65 66 67 71 72 73 74 75 76 77  
allnum:46

res_1_13_41_76.txt
balance:12  
2 6 8 12 24 25 26 27 28 29 30 31 32 33 34 35 38 39 40 41 46 48 49 50 51 52 54 55 56 57 58 59 60 61 62 65 68 71 72 73 74 75 76 77 78 79  
allnum:46

res_0_1_38_-1.txt
balance:31  
31 46 50 71 72 73 75 76 77  
allnum:9

res_2_9_22_26.txt
balance:12  
6 7 8 9 10 12 20 21 22 24 25 26 29 31 35 37 38 39 40 41 42 45 46 47 48 49 50 51 52 53 54 55 56 57 58 59 60 61 62 63 64 65 66 67 68 69 71 72 73 74 75 76 77 78 79  
allnum:55

res_15_22_26_40.txt
balance:11  
2 4 5 6 7 8 9 10 11 12 13 14 15 21 22 23 24 25 26 27 28 29 30 31 32 33 34 35 37 38 39 40 42 46 47 48 49 50 51 52 53 54 55 56 57 58 59 60 61 62 63 64 65 66 67 68 69 71 72 73 74 75 76 77 78 79  
allnum:66

res_-1_-1_17_-1.txt
balance:11  
11 31 39 46 48 56 57 58 65 71 72 73 74 75  
allnum:14

res_0_25_53_-1.txt
balance:46 73  
46 71 72 73  
allnum:4

res_69_39_40_-1.txt
balance:48  
31 46 48 50 56 57 58 71 72 73 74 75 76 77  
allnum:14

res_1_13_50_51.txt
balance:29 56  
8 9 10 11 12 22 29 46 47 48 49 50 52 54 55 56 59 61 65 71 72 73 74 75 76 77  
allnum:26

res_0_25_38_-1.txt
balance:46 73  
46 71 72 73  
allnum:4

res_26_38_63_-1.txt
balance:48 75  
8 9 10 20 26 39 40 41 45 46 47 48 51 52 53 61 63 64 65 66 67 68 71 72 73 74 75 77 78 79  
allnum:30

res_1_13_26_-1.txt
balance:46 48 75  
46 48 71 72 73 74 75  
allnum:7

res_9_17_22_26.txt
balance:12  
5 6 7 8 9 10 12 20 22 25 29 30 31 32 35 37 40 42 45 46 47 48 49 50 51 52 54 55 56 57 58 59 60 61 62 63 64 65 66 67 68 69 71 72 73 74 75 76 77 78 79  
allnum:51

res_17_69_40_-1.txt
balance:0 12 13 15 44 49 54 78  
0 8 9 10 11 12 13 14 15 16 20 22 25 26 31 32 33 34 35 36 37 38 39 40 41 42 44 45 46 47 48 49 50 52 53 54 56 57 58 59 60 61 62 63 65 66 67 68 69 70 71 72 73 74 75 76 77 78  
allnum:58

res_19_25_36_-1.txt
balance:39 48  
8 9 10 20 31 35 36 37 39 40 42 45 46 47 48 50 52 56 57 58 61 63 65 66 67 68 69 73 74 75 76 77  
allnum:32

res_15_9_-1_-1.txt
balance:13 22 40 46 49 61 73  
13 22 38 39 40 46 47 48 49 61 71 72 73  
allnum:13

res_6_13_38_53.txt
balance:73  
19 20 21 37 40 45 46 47 50 55 62 63 64 65 66 67 71 72 73 75 76 77  
allnum:22

res_17_23_25_-1.txt
balance:25 44 71  
4 5 6 8 9 10 12 13 15 20 25 33 35 41 42 44 45 46 47 48 50 52 57 58 59 60 61 62 63 65 67 68 69 70 71 73 74 75 76 77 78 79  
allnum:42

res_15_40_69_-1.txt
balance:0 12 13 15 49 54 78  
0 8 9 10 11 12 13 14 15 16 18 20 22 25 26 31 32 33 34 35 36 37 38 39 40 41 42 43 44 45 46 47 48 49 50 52 53 54 56 57 58 59 60 61 62 63 65 66 67 68 69 70 71 72 73 74 75 76 77 78  
allnum:60

res_8_26_63_-1.txt
balance:4 13  
4 8 9 10 11 13 15 20 22 25 26 28 29 30 31 33 37 38 39 40 41 46 47 48 49 50 51 52 53 54 55 56 57 58 59 60 61 63 65 71 72 73 74 75 76 77 78 79  
allnum:48

res_21_25_38_-1.txt
balance:46  
31 37 46 48 50 56 57 58 63 71 72 73 74 75 76 77  
allnum:16

res_13_50_51_69.txt
balance:46 73  
46 71 72 73  
allnum:4

res_0_26_34_-1.txt
balance:46 73  
46 71 72 73  
allnum:4

res_13_39_68_-1.txt
balance:11  
8 9 10 11 25 31 33 34 35 37 39 41 42 46 48 50 52 56 57 58 59 60 61 62 63 64 65 67 68 69 71 72 73 74 75 76 77 78 79  
allnum:39

res_0_3_34_-1.txt
balance:1 19 43  
0 1 3 4 5 6 7 8 11 12 13 14 15 16 17 19 20 23 24 25 26 27 28 29 30 31 33 34 35 37 38 39 40 41 43 44 45 46 47 48 49 50 51 52 53 56 57 58 59 60 61 62 63 64 65 66 67 68 69 70 71 72 73 74 75 76 77 78 79  
allnum:69

res_25_41_69_-1.txt
balance:46  
33 46 48 50 58 59 60 71 72 73 74 75 76 77  
allnum:14

res_17_25_69_-1.txt
balance:0 9 12 13 15 42 44 49 54 78  
0 9 11 12 13 15 20 21 22 23 25 26 31 32 33 34 35 38 39 40 41 42 44 45 46 47 48 49 50 52 53 54 56 57 58 59 60 61 62 63 65 66 67 68 69 70 71 72 73 74 75 76 77 78  
allnum:54

res_1_13_36_38.txt
balance:39  
20 24 39 45 46 47 49 50 51 63 65 71 72 73 75 76 77  
allnum:17

res_19_22_26_-1.txt
balance:46 73  
46 71 72 73  
allnum:4

res_15_26_41_-1.txt
balance:1  
1 10 16 20 22 33 35 36 37 45 46 47 48 49 50 52 55 58 59 60 61 62 63 65 71 72 73 74 75 76 77 78 79  
allnum:33

res_17_22_25_69.txt
balance:27  
14 25 27 35 46 48 60 61 62 63 71 72 73 74 75  
allnum:15

res_41_26_59_-1.txt
balance:1  
1 4 5 6 7 8 9 10 11 13 14 15 16 17 18 20 21 22 23 24 25 26 27 28 29 30 31 32 33 34 35 36 37 38 39 40 41 42 43 44 45 46 47 48 49 50 51 52 53 54 55 56 57 58 59 60 61 62 63 64 65 66 67 68 69 70 71 72 73 74 75 76 77 78 79  
allnum:75

res_0_1_50_-1.txt
balance:46 73  
10 35 36 37 40 46 50 62 63 64 65 66 67 71 72 73 75 76 77  
allnum:19

res_25_63_69_-1.txt
balance:0 13 42 44 78  
0 8 9 10 11 12 13 14 15 16 20 22 25 26 28 31 32 33 34 35 38 39 40 41 42 44 45 46 47 48 49 50 52 53 54 55 56 57 58 59 60 61 62 63 65 66 67 68 69 70 71 72 73 74 75 76 77 78  
allnum:58

res_9_17_23_-1.txt
balance:12  
6 7 8 12 33 35 48 50 52 58 59 60 61 62 63 65 73 74 75 76 77 78 79  
allnum:23

res_-1_-1_48_-1.txt
balance:11  
11 29 33 46 48 50 54 55 56 58 59 60 71 72 73 74 75 76 77  
allnum:19

res_0_21_38_-1.txt
balance:63  
31 42 46 48 56 57 58 63 67 68 69 71 72 73 74 75  
allnum:16

res_10_17_69_-1.txt
balance:0 9 42 44 78  
0 9 11 12 13 14 16 20 21 22 23 25 26 29 31 32 33 34 35 38 39 40 41 42 44 45 46 47 48 49 50 52 53 54 55 56 57 58 59 60 61 62 63 65 66 67 68 69 70 71 72 73 74 75 76 77 78  
allnum:57

res_63_33_-1_-1.txt
balance:23  
6 18 19 23 25 27 28 30 31 32 33 35 40 43 44 45 46 48 52 53 54 55 56 57 58 59 60 61 62 63 65 66 67 71 72 73 74 75  
allnum:38

res_0_7_22_-1.txt
balance:63  
48 63 65 73 74 75  
allnum:6

res_0_34_50_51.txt
balance:46 73  
46 71 72 73  
allnum:4

res_1_13_19_38.txt
balance:15  
3 9 12 15 18 19 20 22 23 24 25 27 28 29 30 31 32 33 34 35 36 37 38 39 40 42 43 44 45 46 47 48 49 50 51 52 53 54 55 56 57 58 59 60 61 62 63 64 65 66 67 68 69 70 71 72 73 74 75 76 77 78 79  
allnum:63

res_15_37_66_-1.txt
balance:22  
3 8 9 10 11 13 14 16 18 19 20 22 23 24 25 26 27 28 29 30 31 32 33 34 35 36 37 38 39 40 41 42 43 44 45 46 47 48 49 50 51 52 53 54 55 56 57 58 59 60 61 62 63 64 65 66 67 68 69 70 71 72 73 74 75 76 77 78 79  
allnum:69

res_15_25_50_69.txt
balance:48  
9 10 11 18 19 20 21 22 23 24 25 26 27 28 33 34 35 36 37 38 39 40 41 42 43 44 45 46 47 48 49 50 51 52 53 54 55 56 57 58 59 60 62 63 64 65 66 67 68 69 73 74 75 76 77 78 79  
allnum:57

res_17_34_38_53.txt
balance:33  
8 9 10 12 20 25 29 30 31 33 35 36 37 41 45 46 47 50 52 58 59 60 61 62 63 64 71 72 73 75 76 77  
allnum:32

res_9_17_66_-1.txt
balance:44  
4 5 6 12 13 16 22 23 24 26 28 29 30 31 33 35 37 38 39 40 41 42 44 46 47 48 49 50 51 52 53 54 55 56 57 58 59 60 61 62 63 64 65 66 67 68 69 70 71 72 73 74 75 76 77 78 79  
allnum:57

res_17_26_33_-1.txt
balance:21  
3 4 5 6 7 8 9 10 12 13 14 15 16 18 20 21 24 25 26 28 29 30 31 32 33 34 35 36 37 38 39 40 41 43 44 45 46 47 48 49 50 51 52 53 54 55 56 57 58 59 60 61 62 63 64 65 66 67 68 69 70 71 72 73 74 75 76 77 78 79  
allnum:70

res_15_26_68_-1.txt
balance:13  
8 9 10 11 13 15 18 20 22 24 25 26 27 31 33 35 36 37 38 39 40 41 43 44 45 46 47 48 49 50 51 52 53 55 56 57 58 59 60 61 62 63 64 65 66 67 68 69 70 71 72 73 75 76 77 78 79  
allnum:57

res_37_39_63_-1.txt
balance:4  
1 4 18 19 27 28 29 30 31 32 33 34 35 37 40 42 43 44 45 46 48 50 51 52 53 54 55 56 57 58 59 60 61 62 63 64 65 66 67 68 69 70 71 72 73 74 75 76 77 78 79  
allnum:51

res_9_38_63_69.txt
balance:60  
8 9 10 20 22 23 24 33 34 35 36 37 40 45 46 47 48 50 51 52 53 55 58 59 60 61 62 63 64 65 66 67 73 74 75 76 77 78 79  
allnum:39

res_15_22_25_39.txt
balance:1 15  
0 1 3 8 9 10 12 13 15 16 17 20 21 22 23 25 27 28 29 30 31 32 33 34 35 37 38 39 40 41 42 43 44 45 46 47 48 49 50 52 53 54 55 56 57 58 59 60 61 62 63 64 65 66 67 68 69 70 71 72 73 74 75 76 77 78 79  
allnum:67

res_2_40_-1_-1.txt
balance:17  
0 2 6 7 8 9 10 11 12 15 17 18 19 20 21 22 23 24 25 26 28 30 31 32 33 34 35 36 37 38 39 40 41 42 43 44 45 46 47 48 49 50 51 52 53 54 55 56 57 58 59 60 61 62 63 64 65 66 67 68 69 70 71 72 73 74 75 76 77 78 79  
allnum:71

res_13_39_66_-1.txt
balance:24  
6 11 12 22 24 25 26 28 31 32 33 35 38 39 40 41 42 43 46 47 48 49 50 53 54 55 56 57 58 59 60 61 62 66 67 68 69 70 71 72 73 74 75 76 77  
allnum:45

res_3_13_39_-1.txt
balance:36  
0 2 3 4 5 6 8 9 11 12 13 14 15 16 17 20 22 23 24 25 26 27 28 29 30 31 32 33 34 35 36 37 38 39 40 41 42 43 44 45 46 47 48 49 50 51 52 53 54 55 56 57 58 59 60 61 62 63 64 65 66 67 68 69 70 71 72 73 74 75 76 77 78 79  
allnum:74

res_9_50_51_53.txt
balance:4  
4 6 7 8 9 10 11 13 15 20 21 22 23 24 29 30 31 33 34 35 36 37 38 39 41 42 45 46 47 48 49 50 51 52 53 54 55 56 57 58 59 60 61 62 63 64 65 66 67 68 69 71 72 73 74 75 76 77 78 79  
allnum:60

res_8_26_63_69.txt
balance:29  
4 5 6 8 9 10 14 18 20 22 26 29 31 33 34 35 36 37 39 40 41 42 43 44 45 46 47 48 49 50 51 52 53 54 55 56 57 58 59 60 61 62 63 64 65 66 67 68 69 71 72 73 74 75 76 77 78 79  
allnum:58

res_2_9_69_-1.txt
balance:25  
7 8 9 10 11 18 20 21 22 23 24 25 26 33 34 35 36 37 38 40 41 43 44 45 46 47 48 49 50 51 52 53 54 55 58 59 60 61 62 63 64 65 66 67 68 71 72 73 74 75 76 77 78 79  
allnum:54

res_13_17_35_38.txt
balance:38  
0 3 4 5 6 7 12 13 14 15 16 18 20 22 24 25 26 27 28 29 30 31 32 33 34 35 38 39 40 41 42 43 44 45 46 47 48 49 50 51 52 53 54 55 56 57 58 59 60 61 62 63 64 65 66 67 68 69 70 71 72 73 74 75 76 77 78 79  
allnum:68

res_2_39_-1_-1.txt
balance:17  
0 2 6 8 9 10 11 12 15 17 20 22 23 24 25 26 28 31 32 33 34 35 36 37 38 39 40 41 42 43 44 45 46 47 48 49 50 51 52 53 54 55 56 57 58 59 60 61 62 63 64 65 66 67 68 69 70 71 72 73 74 75 76 77 78 79  
allnum:66

res_15_33_34_-1.txt
balance:1 19  
0 1 3 4 5 6 11 12 13 14 15 17 18 19 20 21 22 23 24 25 26 27 28 29 30 31 32 33 35 37 38 39 40 41 42 43 44 45 46 47 48 49 50 51 52 53 54 55 56 57 58 59 60 61 62 63 64 65 66 67 68 69 70 71 72 73 74 75 76 77 78 79  
allnum:72

res_15_37_38_-1.txt
balance:2  
0 1 2 8 9 10 11 13 18 19 20 21 22 24 25 26 29 30 31 32 33 34 35 36 37 38 39 40 41 42 43 44 45 46 47 48 49 50 51 52 53 54 55 56 57 58 59 60 61 62 63 64 65 66 67 68 69 70 71 72 73 74 75 76 77 78 79  
allnum:67

res_2_22_25_69.txt
balance:27  
8 9 10 14 20 22 25 26 27 33 35 37 39 40 41 45 46 47 48 49 50 51 52 53 55 58 59 60 61 62 63 64 65 66 67 68 71 72 73 74 75 76 77 78 79  
allnum:45

res_17_22_25_33.txt
balance:3  
0 3 4 5 6 8 9 10 11 12 14 19 20 21 22 23 24 25 26 27 28 29 30 31 32 33 34 35 36 37 38 39 40 41 42 43 44 45 46 47 48 49 50 51 52 53 54 55 56 57 58 59 60 61 62 63 64 65 66 67 68 69 70 71 72 73 74 75 76 77 78 79  
allnum:72

res_17_22_26_40.txt
balance:11  
2 4 5 6 7 8 9 10 11 12 13 14 15 18 19 20 21 22 23 24 25 26 27 28 29 30 31 32 33 34 35 36 38 39 40 41 42 43 45 46 47 48 49 50 51 52 53 54 55 56 57 58 59 60 61 62 63 65 66 67 68 69 70 71 72 73 74 75 76 77 78 79  
allnum:72

res_0_13_18_39.txt
balance:3 30  
0 1 3 4 5 6 8 9 10 11 12 13 14 15 18 20 23 24 25 26 28 29 30 31 33 34 35 36 37 39 40 41 42 43 44 45 46 47 48 49 50 51 52 53 54 55 56 57 58 59 60 61 62 63 64 65 66 67 68 69 70 71 72 73 74 75 76 77 78 79  
allnum:70

res_15_17_25_68.txt
balance:15  
3 8 9 10 13 15 20 22 25 26 28 29 30 31 33 35 36 37 38 39 40 41 45 46 47 48 49 50 51 52 53 54 55 56 57 58 59 60 61 62 63 64 65 71 72 73 74 75 76 77 78 79  
allnum:52

res_10_26_69_-1.txt
balance:48  
8 9 10 13 18 20 24 26 27 28 37 38 39 40 41 42 43 44 45 46 47 48 49 50 51 52 53 54 55 61 62 63 64 65 66 67 68 69 73 74 75 76 77 78 79  
allnum:45

res_15_17_25_40.txt
balance:18  
3 8 9 10 18 20 22 25 26 28 29 30 31 33 35 36 37 38 39 40 41 42 43 44 45 46 47 48 49 50 51 52 53 54 55 56 57 58 59 60 61 62 63 64 65 66 67 68 69 71 72 73 74 75 76 77 78 79  
allnum:58

res_2_33_-1_-1.txt
balance:23  
8 9 10 12 18 19 20 23 25 26 27 28 31 33 34 35 39 40 41 42 43 44 45 46 47 48 50 51 52 53 54 55 56 57 58 59 60 61 63 65 66 67 68 69 70 71 72 73 74 75 76 77  
allnum:52

res_6_15_26_-1.txt
balance:59  
8 9 10 19 20 21 24 35 37 38 39 45 46 47 49 50 51 52 59 61 62 63 64 65 66 75 76 77 78 79  
allnum:30

res_33_35_66_-1.txt
balance:37 64  
6 8 12 14 15 16 25 31 32 33 34 35 37 40 42 46 48 50 52 56 57 58 59 60 61 62 63 64 65 66 67 68 69 71 72 73 74 75 76 77 78 79  
allnum:42

res_9_15_66_-1.txt
balance:44  
8 9 10 12 13 22 23 24 26 28 29 31 33 35 38 39 40 41 42 44 46 47 48 49 50 51 52 53 54 55 56 57 58 59 60 61 62 63 64 65 66 67 68 69 70 71 72 73 74 75 76 77 78 79  
allnum:54

res_15_25_40_51.txt
balance:11  
5 8 9 10 11 13 15 16 18 19 20 21 22 23 24 25 26 27 28 30 31 32 33 34 35 36 37 38 39 40 41 42 43 44 45 46 47 48 49 50 51 52 53 54 55 56 57 58 59 60 61 62 63 64 65 66 67 68 69 70 71 72 73 74 75 76 77 78 79  
allnum:69

res_9_17_21_-1.txt
balance:44  
13 20 22 23 24 25 26 28 29 30 31 33 35 37 39 40 41 42 44 45 46 47 48 50 51 52 53 54 55 56 57 58 59 60 61 62 63 64 65 66 67 68 69 70 71 72 73 74 75 76 77 78 79  
allnum:53

res_3_9_69_-1.txt
balance:25  
7 8 9 10 11 18 20 21 22 23 24 25 26 33 34 35 36 37 38 40 41 43 44 45 46 47 48 49 50 51 52 53 54 55 59 60 61 62 63 64 65 66 67 68 71 72 73 74 75 76 77 78 79  
allnum:53

res_9_17_25_36.txt
balance:39  
7 8 9 10 20 21 22 23 31 32 33 34 35 36 37 39 40 45 46 47 48 49 50 52 56 57 58 59 61 62 63 64 65 66 67 71 72 73 74 75 76 77 78 79  
allnum:44

res_0_25_38_76.txt
balance:13  
4 5 6 7 8 9 10 13 16 20 21 22 23 24 26 31 32 33 34 35 36 37 38 39 40 41 42 43 45 46 47 48 49 50 51 52 53 56 57 58 59 60 61 62 63 64 65 66 67 68 69 71 72 73 74 75 76 77 78 79  
allnum:60

res_2_13_39_-1.txt
balance:6 24 27 36  
0 2 4 6 8 9 11 12 13 15 17 20 22 23 24 25 26 27 28 29 30 31 32 33 34 35 36 38 39 40 41 42 43 44 45 46 47 48 49 50 52 53 54 55 56 57 58 59 60 61 62 63 65 66 67 68 69 70 71 72 73 74 75 76 77 78 79  
allnum:67

res_2_6_22_26.txt
balance:59  
7 8 9 10 13 18 19 20 21 22 23 26 27 28 31 32 33 34 35 37 38 39 40 41 42 43 44 45 46 47 48 49 50 51 52 53 54 55 56 57 58 59 61 62 63 64 65 66 67 68 69 71 72 73 74 75 76 77 78 79  
allnum:60

res_8_17_23_-1.txt
balance:11 22 44 49  
7 8 9 10 11 13 19 20 21 22 25 26 27 28 30 31 32 33 34 35 36 37 38 39 40 44 45 46 47 48 49 50 51 52 53 54 55 56 57 58 59 60 61 62 63 64 65 66 67 69 70 71 72 73 74 75 76 77 78 79  
allnum:60

res_0_1_39_-1.txt
balance:13 15  
2 5 10 11 12 13 15 20 22 23 24 25 26 28 30 31 33 35 38 39 40 41 42 43 45 46 47 48 49 50 51 52 53 54 55 56 57 58 59 60 61 62 63 64 65 66 67 68 69 70 71 72 73 74 75 76 77 78 79  
allnum:59

res_1_17_25_51.txt
balance:25  
0 8 9 10 11 13 14 15 20 21 22 23 25 26 29 30 31 33 34 35 36 37 38 39 40 41 42 45 46 47 48 49 50 51 52 53 54 55 56 57 58 59 60 61 62 63 64 65 66 67 68 69 71 72 73 74 75 76 77 78 79  
allnum:61

res_17_51_61_-1.txt
balance:15  
2 4 5 7 8 9 10 11 13 14 15 18 19 20 21 22 23 24 25 26 28 29 30 31 32 33 34 35 36 37 38 39 40 41 42 43 44 45 46 47 48 49 50 51 52 53 54 55 56 57 58 59 60 61 62 63 64 65 66 67 68 69 70 71 72 73 74 75 76 77 78 79  
allnum:72

res_15_26_40_69.txt
balance:25 70  
0 2 4 5 6 8 9 10 11 13 14 15 16 18 20 21 22 23 24 25 26 27 28 29 30 31 32 33 34 35 36 37 38 39 40 41 42 43 44 45 46 47 48 49 50 51 52 53 54 55 56 57 58 59 60 61 62 63 64 65 66 67 68 69 70 71 72 73 74 75 76 77 78 79  
allnum:74

res_17_22_25_39.txt
balance:1 15  
0 1 3 4 5 6 8 9 10 12 13 14 15 16 17 20 21 22 23 25 27 29 30 31 32 33 34 35 37 38 39 40 41 42 43 44 45 46 47 48 49 50 52 53 54 55 56 57 58 59 60 61 62 63 64 65 66 67 68 69 70 71 72 73 74 75 76 77 78 79  
allnum:70

res_9_17_23_26.txt
balance:12 25  
5 6 7 8 9 10 11 12 18 19 20 21 22 23 24 25 26 29 30 31 32 33 34 35 36 37 38 39 40 41 42 45 46 47 48 49 50 51 52 53 54 55 56 57 58 59 60 61 62 63 64 65 66 67 68 69 71 72 73 74 75 76 77 78 79  
allnum:65

res_9_15_23_26.txt
balance:12 25  
6 7 8 9 10 12 13 18 19 20 21 22 24 25 26 27 28 29 31 32 33 34 35 36 37 38 39 40 42 45 46 47 48 49 50 51 52 53 54 55 56 57 58 59 60 61 62 63 64 65 66 67 68 69 71 72 73 74 75 76 77 78 79  
allnum:63

res_4_9_17_53.txt
balance:38  
4 5 6 7 8 9 10 12 19 20 21 22 24 25 26 27 29 32 33 34 35 36 37 38 39 40 41 42 45 46 47 48 49 50 51 52 53 54 55 56 57 58 59 60 61 62 63 64 65 66 67 68 69 71 72 73 74 75 76 77 78 79  
allnum:62

res_12_17_35_69.txt
balance:60  
2 3 4 7 8 9 10 12 13 14 16 18 20 21 22 23 24 25 26 27 28 29 31 32 33 34 35 36 37 39 40 41 42 43 44 45 46 47 48 49 50 51 52 53 54 55 56 57 58 59 60 61 62 63 64 65 66 67 68 69 70 71 72 73 74 75 76 77 78 79  
allnum:70

res_1_13_17_38.txt
balance:2 4 7 23 47  
2 4 5 6 7 11 12 14 15 16 22 23 24 25 26 27 29 30 31 32 33 35 37 38 39 40 41 42 43 46 47 48 49 50 51 52 53 54 55 56 57 58 59 60 61 62 63 64 65 66 67 68 69 71 72 73 74 75 76 77 78 79  
allnum:62

