*****************round810**********************

0,2,4,6,8,10,11,13,15,17,19,21,23,25,27,29,30,32,34,36,39,41,43,45,47,50,53,55,57,59,61,63,65,68,70,74,76,78,1
Upper bound of degree of superpoly: 19


***********************************************

*****************round810**********************

0,2,4,6,8,10,11,13,15,17,19,21,23,25,27,29,30,32,34,36,39,41,43,45,47,50,53,55,57,59,61,63,65,68,70,74,76,78,3
Upper bound of degree of superpoly: 17


***********************************************

*****************round810**********************

2,6,8,10,11,15,19,21,25,29,30,32,34,36,39,41,43,45,50,0,75,12,4,14,20,22,16,27,23,72,52,55,60,37,79,62,64,47,54,70,1
Upper bound of degree of superpoly: 9


***********************************************

*****************round810**********************

2,6,8,10,11,15,19,21,25,29,30,32,34,36,39,41,43,45,50,0,75,12,4,14,20,22,16,27,23,72,52,55,60,37,79,62,64,47,54,70,3
Upper bound of degree of superpoly: 10


***********************************************

*****************round810**********************

2,6,8,10,11,15,19,21,25,29,30,32,34,36,39,41,43,45,50,0,75,12,4,14,20,22,16,27,23,72,52,55,60,37,79,62,64,47,54,70,5
Upper bound of degree of superpoly: 9


***********************************************

*****************round810**********************

2,6,8,10,11,15,19,21,25,29,30,32,34,36,39,41,43,45,50,0,75,12,4,14,20,22,16,27,23,72,52,55,60,37,79,62,64,47,54,70,7
Upper bound of degree of superpoly: 17


***********************************************

*****************round810**********************

2,6,8,10,11,15,19,21,25,29,30,32,34,36,39,41,43,45,50,0,75,12,4,14,20,22,16,27,23,72,52,55,60,37,79,62,64,47,54,70,9
Upper bound of degree of superpoly: 4


***********************************************

*****************round810**********************

2,6,8,10,11,15,19,21,25,29,30,32,34,36,39,41,43,45,50,0,75,12,4,14,20,22,16,27,23,72,52,55,60,37,79,62,64,47,54,70,13
Upper bound of degree of superpoly: 5


***********************************************

*****************round810**********************

2,6,8,10,11,15,19,21,25,29,30,32,34,36,39,41,43,45,50,0,75,12,4,14,20,22,16,27,23,72,52,55,60,37,79,62,64,47,54,70,17
Upper bound of degree of superpoly: 7


***********************************************

*****************round810**********************

2,6,8,10,11,15,19,21,25,29,30,32,34,36,39,41,43,45,50,0,75,12,4,14,20,22,16,27,23,72,52,55,60,37,79,62,64,47,54,70,18
Upper bound of degree of superpoly: 4


***********************************************

*****************round810**********************

2,6,8,10,11,15,19,21,25,29,30,32,34,36,39,41,43,45,50,0,75,12,4,14,20,22,16,27,23,72,52,55,60,37,79,62,64,47,54,70,24
Upper bound of degree of superpoly: 10


***********************************************

*****************round810**********************

2,6,8,10,11,15,19,21,25,29,30,32,34,36,39,41,43,45,50,0,75,12,4,14,20,22,16,27,23,72,52,55,60,37,79,62,64,47,54,70,26
Upper bound of degree of superpoly: 8


***********************************************

*****************round810**********************

2,6,8,10,11,15,19,21,25,29,30,32,34,36,39,41,43,45,50,0,75,12,4,14,20,22,16,27,23,72,52,55,60,37,79,62,64,47,54,70,28
Upper bound of degree of superpoly: 10


***********************************************

*****************round810**********************

2,6,8,10,11,15,19,21,25,29,30,32,34,36,39,41,43,45,50,0,75,12,4,14,20,22,16,27,23,72,52,55,60,37,79,62,64,47,54,70,31
Upper bound of degree of superpoly: 4


***********************************************

*****************round810**********************

2,6,8,10,11,15,19,21,25,29,30,32,34,36,39,41,43,45,50,0,75,12,4,14,20,22,16,27,23,72,52,55,60,37,79,62,64,47,54,70,33
Upper bound of degree of superpoly: 5


***********************************************

*****************round810**********************

2,6,8,10,11,15,19,21,25,29,30,32,34,36,39,41,43,45,50,0,75,12,4,14,20,22,16,27,23,72,52,55,60,37,79,62,64,47,54,70,35
Upper bound of degree of superpoly: 5


***********************************************

*****************round810**********************

2,6,8,10,11,15,19,21,25,29,30,32,34,36,39,41,43,45,50,0,75,12,4,14,20,22,16,27,23,72,52,55,60,37,79,62,64,47,54,70,38
Upper bound of degree of superpoly: 7


***********************************************

*****************round810**********************

2,6,8,10,11,15,19,21,25,29,30,32,34,36,39,41,43,45,50,0,75,12,4,14,20,22,16,27,23,72,52,55,60,37,79,62,64,47,54,70,40
Upper bound of degree of superpoly: 0


***********************************************

*****************round810**********************

2,6,8,10,11,15,19,21,25,29,30,32,34,36,39,41,43,45,50,0,75,12,4,14,20,22,16,27,23,72,52,55,60,37,79,62,64,47,54,70,42
Upper bound of degree of superpoly: 7


***********************************************

*****************round810**********************

2,6,8,10,11,15,19,21,25,29,30,32,34,36,39,41,43,45,50,0,75,12,4,14,20,22,16,27,23,72,52,55,60,37,79,62,64,47,54,70,44
Upper bound of degree of superpoly: 12


***********************************************

*****************round810**********************

2,6,8,10,11,15,19,21,25,29,30,32,34,36,39,41,43,45,50,0,75,12,4,14,20,22,16,27,23,72,52,55,60,37,79,62,64,47,54,70,46
Upper bound of degree of superpoly: 11


***********************************************

*****************round810**********************

2,6,8,10,11,15,19,21,25,29,30,32,34,36,39,41,43,45,50,0,75,12,4,14,20,22,16,27,23,72,52,55,60,37,79,62,64,47,54,70,48
Upper bound of degree of superpoly: 5


***********************************************

*****************round810**********************

2,6,8,10,11,15,19,21,25,29,30,32,34,36,39,41,43,45,50,0,75,12,4,14,20,22,16,27,23,72,52,55,60,37,79,62,64,47,54,70,49
Upper bound of degree of superpoly: 7


***********************************************

*****************round810**********************

2,6,8,10,11,15,19,21,25,29,30,32,34,36,39,41,43,45,50,0,75,12,4,14,20,22,16,27,23,72,52,55,60,37,79,62,64,47,54,70,51
Upper bound of degree of superpoly: 4


***********************************************

*****************round810**********************

2,6,8,10,11,15,19,21,25,29,30,32,34,36,39,41,43,45,50,0,75,12,4,14,20,22,16,27,23,72,52,55,60,37,79,62,64,47,54,70,53
Upper bound of degree of superpoly: 0


***********************************************

*****************round810**********************

2,6,8,10,11,15,19,21,25,29,30,32,34,36,39,41,43,45,50,0,75,12,4,14,20,22,16,27,23,72,52,55,60,37,79,62,64,47,54,70,56
Upper bound of degree of superpoly: 10


***********************************************

*****************round810**********************

2,6,8,10,11,15,19,21,25,29,30,32,34,36,39,41,43,45,50,0,75,12,4,14,20,22,16,27,23,72,52,55,60,37,79,62,64,47,54,70,57
Upper bound of degree of superpoly: 0


***********************************************

*****************round810**********************

2,6,8,10,11,15,19,21,25,29,30,32,34,36,39,41,43,45,50,0,75,12,4,14,20,22,16,27,23,72,52,55,60,37,79,62,64,47,54,70,58
Upper bound of degree of superpoly: 0


***********************************************

*****************round810**********************

2,6,8,10,11,15,19,21,25,29,30,32,34,36,39,41,43,45,50,0,75,12,4,14,20,22,16,27,23,72,52,55,60,37,79,62,64,47,54,70,59
Upper bound of degree of superpoly: 11


***********************************************

*****************round810**********************

2,6,8,10,11,15,19,21,25,29,30,32,34,36,39,41,43,45,50,0,75,12,4,14,20,22,16,27,23,72,52,55,60,37,79,62,64,47,54,70,61
Upper bound of degree of superpoly: 9


***********************************************

*****************round810**********************

2,6,8,10,11,15,19,21,25,29,30,32,34,36,39,41,43,45,50,0,75,12,4,14,20,22,16,27,23,72,52,55,60,37,79,62,64,47,54,70,63
Upper bound of degree of superpoly: 10


***********************************************

*****************round810**********************

2,6,8,10,11,15,19,21,25,29,30,32,34,36,39,41,43,45,50,0,75,12,4,14,20,22,16,27,23,72,52,55,60,37,79,62,64,47,54,70,65
Upper bound of degree of superpoly: 6


***********************************************

*****************round810**********************

2,6,8,10,11,15,19,21,25,29,30,32,34,36,39,41,43,45,50,0,75,12,4,14,20,22,16,27,23,72,52,55,60,37,79,62,64,47,54,70,66
Upper bound of degree of superpoly: 4


***********************************************

*****************round810**********************

2,6,8,10,11,15,19,21,25,29,30,32,34,36,39,41,43,45,50,0,75,12,4,14,20,22,16,27,23,72,52,55,60,37,79,62,64,47,54,70,67
Upper bound of degree of superpoly: 0


***********************************************

*****************round810**********************

2,6,8,10,11,15,19,21,25,29,30,32,34,36,39,41,43,45,50,0,75,12,4,14,20,22,16,27,23,72,52,55,60,37,79,62,64,47,54,70,68
Upper bound of degree of superpoly: 0


***********************************************

*****************round810**********************

2,6,8,10,11,15,19,21,25,29,30,32,34,36,39,41,43,45,50,0,75,12,4,14,20,22,16,27,23,72,52,55,60,37,79,62,64,47,54,70,69
Upper bound of degree of superpoly: 11


***********************************************

*****************round810**********************

2,6,8,10,11,15,19,21,25,29,30,32,34,36,39,41,43,45,50,0,75,12,4,14,20,22,16,27,23,72,52,55,60,37,79,62,64,47,54,70,71
Upper bound of degree of superpoly: 10


***********************************************

*****************round810**********************

2,6,8,10,11,15,19,21,25,29,30,32,34,36,39,41,43,45,50,0,75,12,4,14,20,22,16,27,23,72,52,55,60,37,79,62,64,47,54,70,73
Upper bound of degree of superpoly: 11


***********************************************

*****************round810**********************

2,6,8,10,11,15,19,21,25,29,30,32,34,36,39,41,43,45,50,0,75,12,4,14,20,22,16,27,23,72,52,55,60,37,79,62,64,47,54,70,74
Upper bound of degree of superpoly: 14


***********************************************

*****************round810**********************

2,6,8,10,11,15,19,21,25,29,30,32,34,36,39,41,43,45,50,0,75,12,4,14,20,22,16,27,23,72,52,55,60,37,79,62,64,47,54,70,76
Upper bound of degree of superpoly: 4


***********************************************

*****************round810**********************

2,6,8,10,11,15,19,21,25,29,30,32,34,36,39,41,43,45,50,0,75,12,4,14,20,22,16,27,23,72,52,55,60,37,79,62,64,47,54,70,77
Upper bound of degree of superpoly: 0


***********************************************

*****************round810**********************

2,6,8,10,11,15,19,21,25,29,30,32,34,36,39,41,43,45,50,0,75,12,4,14,20,22,16,27,23,72,52,55,60,37,79,62,64,47,54,70,78
Upper bound of degree of superpoly: 12


***********************************************

