45 29 14 2
52 29 22 19
67 53 47 11
-1 -1 19 11
54 52 34 11
-1 57 50 2
30 15 11 2
57 30 15 12
-1 62 47 41
62 57 48 15
62 54 53 29
70 67 48 29
47 43 27 11
-1 55 47 23
79 54 37 0
-1 62 20 0
-1 48 62 34
60 57 14 2
-1 62 30 11
-1 55 29 0
-1 64 60 0
39 30 15 12
-1 62 37 34
-1 54 11 4
64 55 36 0
60 54 19 11
54 48 17 0
-1 79 47 0
-1 62 25 0
-1 67 62 34
-1 75 34 29
-1 55 52 34
-1 47 25 23
-1 -1 11 4
62 48 34 0
70 67 29 0
60 54 52 19
60 41 19 11
-1 -1 19 0
-1 43 19 0
