-1  -1  18  0
-1  41  35  0
-1  35  13  7
-1  50  35  25
-1  -1  69  15
-1  38  1  0
-1  2
36  34  23  15
69  25  22  17
-1  -1  22  21
-1  4  51  17
-1  -1  23  15
-1  -1  25  17
-1  17  15  9
-1  63  22  7
-1  69  63  33
-1  41  26  17
-1  -1  9  15
-1  -1  26  17
-1  -1  15  10
63  38  34  25
-1  22  19  0
-1  39  19  13
-1  13  19  8
-1  22  19  17
-1  66  39  13
53  51  13  1
51  33  17  4
38  17  13  1
-1  69  63  25
-1  34  3  0
-1  39  15  13
-1  33  26  17
