res_-1_70_62_2.txt+res_-1_-1_70_19.txt
balance:5  
10 12 19 21 22 23 24 25 26 29 3 30 31 34 35 36 37 38 39 4 41 44 45 46 47 48 49 5 50 51 52 53 54 55 56 57 59 6 60 61 62 63 64 65 66 67 68 69 7 74 76 78 8 80  
allnum:54

res_-1_70_62_2.txt+res_-1_-1_70_6.txt
balance:5  
10 12 19 21 22 23 24 25 26 29 3 30 31 34 35 36 37 38 39 4 41 44 45 46 47 48 49 5 50 51 52 53 54 55 56 57 59 6 60 61 62 63 64 65 66 67 68 69 7 74 76 78 8 80  
allnum:54

res_70_67_29_0.txt+res_70_52_29_0.txt
balance:41  
12 15 18 19 2 20 21 22 23 24 28 29 3 34 36 37 38 39 4 40 41 42 44 45 46 47 48 49 5 50 51 54 55 56 6 60 62 63 64 65 66 69 73 74 75 76 78  
allnum:47

res_70_67_29_0.txt+res_55_52_29_0.txt
balance:41  
12 15 18 19 2 20 21 22 23 24 28 29 3 34 36 37 38 39 4 40 41 42 44 45 46 47 48 49 5 50 51 54 55 56 57 6 60 62 63 64 65 66 69 73 74 75 76 78  
allnum:48

res_67_55_29_0.txt+res_70_52_29_0.txt
balance:41  
12 15 18 19 2 20 21 22 23 24 28 29 3 34 36 37 38 39 4 40 41 42 44 45 46 47 48 49 5 50 51 54 55 56 57 6 60 62 63 64 65 66 69 73 74 75 76 78  
allnum:48

res_67_55_29_0.txt+res_55_52_29_0.txt
balance:41  
12 15 19 2 20 21 22 24 28 29 3 37 38 39 4 40 41 42 44 45 46 47 48 49 5 50 51 54 55 56 57 6 60 62 63 64 65 69 73 74 75 78  
allnum:42

res_-1_60_19_11.txt+res_60_54_19_11.txt
balance:41  
1 12 14 16 19 2 20 21 22 23 25 28 29 3 30 33 34 36 37 38 39 4 40 41 45 46 47 48 49 5 50 51 52 53 54 55 56 57 58 59 6 60 61 62 63 64 65 66 69 73 74 75 76 78 8  
allnum:55

res_-1_75_19_11.txt+res_60_54_19_11.txt
balance:41  
1 12 14 16 19 2 20 21 22 23 25 28 29 3 30 33 34 37 38 39 4 40 41 45 46 47 48 49 5 50 51 52 53 54 55 56 57 58 59 6 60 61 62 63 64 65 66 69 73 74 75 76 78 79 8  
allnum:55

res_-1_67_55_19.txt+res_-1_67_75_19.txt
balance:68  
1 10 11 12 13 14 15 16 17 18 19 2 20 21 22 23 24 25 26 27 28 29 3 30 31 32 33 34 35 36 37 38 39 4 40 41 42 44 45 46 47 48 49 5 50 51 52 53 54 55 56 57 58 59 6 60 61 62 63 64 65 66 67 68 69 7 70 71 72 73 74 75 76 78 8 80  
allnum:76

res_-1_55_52_19.txt+res_-1_67_75_19.txt
balance:68  
1 10 11 12 13 14 15 16 17 18 19 2 20 21 22 23 24 25 26 27 28 29 3 30 31 32 33 34 35 36 37 38 39 4 40 41 42 44 45 46 47 48 49 5 50 51 52 53 54 55 56 57 58 59 6 60 61 62 63 64 65 66 67 68 69 7 70 71 72 73 74 75 76 78 8 80  
allnum:76

res_70_55_50_23.txt+res_-1_60_47_23.txt
balance:47  
10 11 12 13 16 18 19 20 21 22 23 24 25 26 27 29 30 31 32 33 34 35 36 37 38 39 4 40 46 47 48 49 50 51 52 53 54 55 56 57 59 6 60 61 62 63 64 65 66 67 7 74 76 78 8 80  
allnum:56

res_39_15_12_11.txt+res_-1_60_47_23.txt
balance:47  
10 11 12 13 16 18 19 20 21 22 23 24 25 26 27 29 30 33 34 35 36 37 38 39 40 46 47 48 49 50 51 52 53 54 55 56 57 59 6 60 61 62 63 64 65 66 67 7 76 78 8 80  
allnum:52

res_54_41_36_29.txt+res_-1_60_47_23.txt
balance:47  
10 11 12 13 16 18 19 20 21 22 23 24 25 26 27 29 30 33 34 35 36 37 38 39 40 46 47 48 49 50 51 52 53 54 55 56 57 59 6 60 61 62 63 64 65 66 67 7 76 78 8 80  
allnum:52

res_37_29_21_15.txt+res_-1_60_47_23.txt
balance:47  
10 11 12 13 16 18 19 20 21 22 23 24 25 26 27 29 30 33 34 35 36 37 38 39 40 46 47 48 49 50 51 52 53 54 55 56 57 59 6 60 61 62 63 64 65 66 67 69 7 76 78 8 80  
allnum:53

res_50_17_11_10.txt+res_-1_60_47_23.txt
balance:47  
10 11 12 13 16 18 19 20 21 22 23 24 25 26 27 29 30 33 34 35 36 37 38 39 40 46 47 48 49 50 51 52 53 54 55 56 57 59 6 60 61 62 63 64 65 66 67 7 76 78 8 80  
allnum:52

res_47_43_27_11.txt+res_-1_60_47_23.txt
balance:47  
10 11 12 13 16 18 19 20 21 22 23 24 25 26 27 29 30 33 34 35 36 37 38 39 40 46 47 48 49 50 51 52 53 54 55 56 57 59 6 60 61 62 63 64 65 66 67 7 76 78 8 80  
allnum:52

res_52_39_19_15.txt+res_-1_60_47_23.txt
balance:47  
10 11 12 13 16 18 19 20 21 22 23 24 25 26 27 29 30 31 33 34 35 36 37 38 39 4 40 46 47 48 49 50 51 52 53 54 55 56 57 59 6 60 61 62 63 64 65 66 67 7 76 78 8 80  
allnum:54

res_79_54_50_15.txt+res_-1_60_47_23.txt
balance:47  
10 11 12 13 16 18 19 20 21 22 23 24 25 26 27 29 30 33 34 35 36 37 38 39 40 46 47 48 49 50 51 52 53 54 55 56 57 59 6 60 61 62 63 64 65 66 67 68 7 76 78 8 80  
allnum:53

res_-1_62_32_15.txt+res_-1_60_47_23.txt
balance:47  
10 11 12 13 16 18 19 20 21 22 23 24 25 26 27 29 30 33 34 35 36 37 38 39 40 46 47 48 49 50 51 52 53 54 55 56 57 59 6 60 61 62 63 64 65 66 67 69 7 76 78 8 80  
allnum:53

res_-1_60_47_23.txt+res_-1_60_47_23.txt
balance:47  
10 11 12 13 16 18 19 20 21 22 23 24 25 26 27 29 30 33 34 35 36 37 38 39 40 46 47 48 49 50 51 52 53 54 55 56 57 59 6 60 61 62 63 64 65 66 67 7 76 78 8 80  
allnum:52

res_-1_37_29_17.txt+res_-1_60_47_23.txt
balance:47  
10 11 12 13 16 18 19 20 21 22 23 24 25 26 27 29 30 33 34 35 36 37 38 39 40 46 47 48 49 50 51 52 53 54 55 56 57 59 6 60 61 62 63 64 65 66 67 69 7 76 78 8 80  
allnum:53

res_-1_60_15_0.txt+res_-1_60_47_23.txt
balance:47  
10 11 12 13 16 18 19 20 21 22 23 24 25 26 27 29 30 33 34 35 36 37 38 39 40 46 47 48 49 50 51 52 53 54 55 56 57 59 6 60 61 62 63 64 65 66 67 69 7 76 78 8 80  
allnum:53

res_-1_62_29_15.txt+res_-1_60_47_23.txt
balance:47  
10 11 12 13 16 18 19 20 21 22 23 24 25 26 27 29 30 33 34 35 36 37 38 39 40 46 47 48 49 50 51 52 53 54 55 56 57 59 6 60 61 62 63 64 65 66 67 7 76 78 8 80  
allnum:52

res_-1_32_30_15.txt+res_-1_60_47_23.txt
balance:47  
10 11 12 13 16 18 19 20 21 22 23 24 25 26 27 29 30 33 34 35 36 37 38 39 40 46 47 48 49 50 51 52 53 54 55 56 57 59 6 60 61 62 63 64 65 66 67 7 76 78 8 80  
allnum:52

res_-1_60_30_15.txt+res_-1_60_47_23.txt
balance:47  
10 11 12 13 16 18 19 20 21 22 23 24 25 26 27 29 30 33 34 35 36 37 38 39 40 46 47 48 49 50 51 52 53 54 55 56 57 59 6 60 61 62 63 64 65 66 67 69 7 76 78 8 80  
allnum:53

res_60_54_52_19.txt+res_-1_75_52_19.txt
balance:17  
1 10 12 13 14 15 16 17 18 19 2 20 21 22 23 24 25 26 27 28 29 3 30 31 32 33 34 35 36 37 38 39 4 40 41 42 44 45 46 47 48 49 5 50 51 52 53 54 55 56 57 58 59 6 60 61 62 63 64 65 66 67 68 69 7 71 73 74 75 76 78 8 80  
allnum:73

res_67_60_54_19.txt+res_-1_75_52_19.txt
balance:17  
1 10 11 12 13 14 15 16 17 18 19 2 20 21 22 23 24 25 26 27 28 29 3 30 31 32 33 34 35 36 37 38 39 4 40 41 42 43 44 45 46 47 48 49 5 50 51 52 53 54 55 56 57 58 59 6 60 61 62 63 64 65 66 67 68 69 7 71 73 74 75 76 78 8 80  
allnum:75

res_54_37_19_0.txt+res_-1_75_52_19.txt
balance:17  
1 10 12 13 14 15 16 17 18 19 2 20 21 22 23 24 25 26 27 28 29 3 30 31 32 33 34 35 36 37 38 39 4 40 41 42 43 44 45 46 47 48 49 5 50 51 52 53 54 55 56 57 58 59 6 60 61 62 63 64 65 66 67 68 69 7 71 73 74 75 76 78 8 80  
allnum:74

res_54_52_19_0.txt+res_-1_75_52_19.txt
balance:17  
1 10 12 13 14 15 16 17 18 19 2 20 21 22 23 24 25 26 27 28 29 3 30 31 32 33 34 35 36 37 38 39 4 40 41 42 44 45 46 47 48 49 5 50 51 52 53 54 55 56 57 58 59 6 60 61 62 63 64 65 66 67 68 69 7 71 73 74 75 76 78 8 80  
allnum:73

res_-1_52_19_0.txt+res_-1_75_52_19.txt
balance:17  
1 10 12 13 14 15 16 17 18 19 2 20 21 22 23 24 25 26 27 28 29 3 30 31 32 33 34 35 36 37 38 39 4 40 41 42 44 45 46 47 48 49 5 50 51 52 53 54 55 56 57 58 59 6 60 61 62 63 64 65 66 67 68 69 7 71 73 74 75 76 78 8 80  
allnum:73

res_-1_75_37_19.txt+res_-1_75_52_19.txt
balance:17  
1 10 12 13 14 15 16 17 18 19 2 20 21 22 23 24 25 26 27 28 29 3 30 31 32 33 34 35 36 37 38 39 4 40 41 42 44 45 46 47 48 49 5 50 51 52 53 54 55 56 57 58 59 6 60 61 62 63 64 65 66 67 68 69 7 71 73 74 75 76 78 8 80  
allnum:73

res_-1_67_19_0.txt+res_-1_75_52_19.txt
balance:17  
1 10 11 12 13 14 15 16 17 18 19 2 20 21 22 23 24 25 26 27 28 29 3 30 31 32 33 34 35 36 37 38 39 4 40 41 42 44 45 46 47 48 49 5 50 51 52 53 54 55 56 57 58 59 6 60 61 62 63 64 65 66 67 68 69 7 70 71 72 73 74 75 76 78 8 80  
allnum:76

res_-1_75_52_19.txt+res_-1_75_52_19.txt
balance:17  
1 10 12 13 14 15 16 17 18 19 2 20 21 22 23 24 25 26 27 28 29 3 30 31 32 33 34 35 36 37 38 39 4 40 41 42 44 45 46 47 48 49 5 50 51 52 53 54 55 56 57 58 59 6 60 61 62 63 64 65 66 67 68 69 7 71 73 74 75 76 78 80  
allnum:72

res_-1_67_75_19.txt+res_-1_75_52_19.txt
balance:17  
1 10 11 12 13 14 15 16 17 18 19 2 20 21 22 23 24 25 26 27 28 29 3 30 31 32 33 34 35 36 37 38 39 4 40 41 42 44 45 46 47 48 49 5 50 51 52 53 54 55 56 57 58 59 6 60 61 62 63 64 65 66 67 68 69 7 70 71 72 73 74 75 76 78 8 80  
allnum:76

res_-1_52_6_0.txt+res_-1_75_52_19.txt
balance:17  
1 10 11 12 13 14 15 16 17 18 19 2 20 21 22 23 24 25 26 27 28 29 3 30 31 32 33 34 35 36 37 38 39 4 40 41 42 44 45 46 47 48 49 5 50 51 52 53 54 55 56 57 58 59 6 60 61 62 63 64 65 66 67 68 69 7 71 73 74 75 76 78 8 80  
allnum:74

res_-1_37_19_0.txt+res_-1_75_52_19.txt
balance:17  
1 10 12 13 14 15 16 17 18 19 2 20 21 22 23 24 25 26 27 28 29 3 30 31 32 33 34 35 36 37 38 39 4 40 41 42 44 45 46 47 48 49 5 50 51 52 53 54 55 56 57 58 59 6 60 61 62 63 64 65 66 67 68 69 7 71 73 74 75 76 78 8 80  
allnum:73

res_-1_19_17_14.txt+res_-1_64_10_0.txt
balance:76  
19 44 45 46 62 64 73 76  
allnum:8

res_-1_19_17_14.txt+res_-1_48_6_0.txt
balance:76  
19 23 29 34 39 41 44 45 46 48 49 50 54 56 57 59 60 61 62 64 69 71 76 78  
allnum:24

res_-1_19_17_14.txt+res_-1_48_19_0.txt
balance:76  
19 29 39 41 44 45 46 54 57 62 64 71 76 78  
allnum:14

res_-1_57_15_4.txt+res_-1_64_10_0.txt
balance:76  
12 19 20 21 22 28 37 44 45 46 47 48 55 56 62 63 64 65 73 74 76  
allnum:21

res_-1_57_15_4.txt+res_-1_48_6_0.txt
balance:76  
12 19 20 21 22 23 28 29 34 37 39 41 44 45 46 47 48 49 50 54 55 56 57 59 60 61 62 63 64 65 69 71 73 74 76 78  
allnum:36

res_-1_57_15_4.txt+res_-1_48_19_0.txt
balance:76  
12 19 20 21 22 28 29 37 39 41 44 45 46 47 48 54 55 56 57 62 63 64 65 71 73 74 76 78  
allnum:28

res_64_52_50_0.txt+res_72_64_50_0.txt
balance:3  
10 11 12 16 18 19 20 21 22 23 24 25 28 29 3 30 34 41 42 43 44 45 46 47 48 50 51 52 53 54 55 56 59 60 61 62 64 65 66 74 75 76 9  
allnum:43

res_30_14_2_0.txt+res_72_64_50_0.txt
balance:3  
1 10 11 12 16 18 19 2 20 21 22 23 24 25 28 29 3 30 34 36 41 42 43 44 45 46 47 48 49 50 51 52 53 54 55 56 57 59 60 61 62 63 64 65 66 74 75 76 78 9  
allnum:50

res_64_50_37_0.txt+res_72_64_50_0.txt
balance:3  
10 11 12 16 18 19 20 21 22 23 24 25 28 29 3 30 34 41 42 43 44 45 46 47 48 50 51 52 53 54 55 56 59 60 61 62 64 65 66 74 75 76 9  
allnum:43

res_-1_67_27_4.txt+res_72_64_50_0.txt
balance:3  
0 10 11 12 13 16 18 19 20 21 22 23 24 25 26 28 29 3 30 34 35 36 37 38 39 4 41 42 43 44 45 46 47 48 49 5 50 51 52 53 54 55 56 57 59 6 60 61 62 63 64 65 66 69 7 71 73 74 75 76 78 8 80 9  
allnum:64

res_-1_29_27_19.txt+res_72_64_50_0.txt
balance:3  
1 10 11 12 14 16 18 19 2 20 21 22 23 24 25 26 28 29 3 30 34 35 36 37 38 39 40 41 42 43 44 45 46 47 48 49 50 51 52 53 54 55 56 57 59 60 61 62 63 64 65 66 67 68 69 74 75 76 78 80 9  
allnum:61

res_-1_52_27_4.txt+res_72_64_50_0.txt
balance:3  
0 10 11 12 16 18 19 20 21 22 23 24 25 28 29 3 30 34 37 38 39 4 40 41 42 43 44 45 46 47 48 49 5 50 51 52 53 54 55 56 57 59 6 60 61 62 63 64 65 66 67 69 71 73 74 75 76 78 80 9  
allnum:60

res_-1_57_30_12.txt+res_72_64_50_0.txt
balance:3  
1 10 11 12 16 18 19 2 20 21 22 23 24 25 26 28 29 3 30 32 33 34 35 36 37 38 39 4 40 41 42 43 44 45 46 47 48 49 5 50 51 52 53 54 55 56 57 59 6 60 61 62 63 64 65 66 67 68 69 74 75 76 78 8 80 9  
allnum:66

res_-1_64_32_0.txt+res_72_64_50_0.txt
balance:3  
10 11 12 13 15 16 17 18 19 20 21 22 23 24 25 26 27 28 29 3 30 31 33 34 35 36 37 38 39 4 40 41 42 43 44 45 46 47 48 49 5 50 51 52 53 54 55 56 57 58 59 6 60 61 62 63 64 65 66 69 7 71 74 75 76 79 8 9  
allnum:68

res_39_29_19_15.txt+res_72_64_50_0.txt
balance:25  
10 11 12 16 18 19 20 21 22 23 24 25 28 29 3 30 34 36 37 41 42 43 44 45 46 47 48 49 50 51 52 53 54 55 56 57 59 60 61 62 63 64 65 66 67 68 74 75 76 78 79 80 9  
allnum:53

res_52_29_19_15.txt+res_72_64_50_0.txt
balance:25  
10 11 12 16 18 19 20 21 22 23 24 25 28 29 3 30 34 41 42 43 44 45 46 47 48 50 51 52 53 54 55 56 59 60 61 62 64 65 66 74 75 76 9  
allnum:43

res_-1_17_11_6.txt+res_72_64_50_0.txt
balance:25  
1 10 11 12 13 14 16 18 19 2 20 21 22 23 24 25 28 29 3 30 31 32 33 34 35 36 37 38 39 4 40 41 42 43 44 45 46 47 48 49 5 50 51 52 53 54 55 56 57 58 59 6 60 61 62 63 64 65 66 67 69 7 70 73 74 75 76 77 78 79 8 9  
allnum:72

res_39_29_19_15.txt+res_72_64_50_0.txt
balance:52  
10 11 12 16 18 19 20 21 22 23 24 25 28 29 3 30 34 36 37 41 42 43 44 45 46 47 48 49 50 51 52 53 54 55 56 57 59 60 61 62 63 64 65 66 67 68 74 75 76 78 79 80 9  
allnum:53

res_52_29_19_15.txt+res_72_64_50_0.txt
balance:52  
10 11 12 16 18 19 20 21 22 23 24 25 28 29 3 30 34 41 42 43 44 45 46 47 48 50 51 52 53 54 55 56 59 60 61 62 64 65 66 74 75 76 9  
allnum:43

res_-1_-1_79_19.txt+res_-1_52_19_0.txt
balance:52  
1 11 12 13 15 16 17 18 19 2 20 21 22 23 24 25 26 27 28 29 3 30 31 32 34 35 37 38 39 4 40 41 42 44 45 46 47 48 49 5 50 51 52 53 54 55 56 57 58 59 6 60 61 62 63 64 65 66 67 68 69 7 71 73 74 75 76 78 8  
allnum:69

res_-1_-1_79_19.txt+res_-1_67_19_0.txt
balance:52  
1 10 11 12 13 14 15 16 17 18 19 2 20 21 22 23 24 25 26 27 28 29 3 30 31 32 33 34 35 36 37 38 39 4 40 41 42 44 45 46 47 48 49 5 50 51 52 53 54 55 56 57 58 59 6 60 61 62 63 64 65 66 67 68 69 7 70 71 72 73 74 75 76 78 8  
allnum:75

res_-1_-1_79_19.txt+res_-1_52_6_0.txt
balance:52  
1 11 12 13 15 16 17 18 19 2 20 21 22 23 24 25 26 27 28 29 3 30 31 32 34 35 36 37 38 39 4 40 41 42 44 45 46 47 48 49 5 50 51 52 53 54 55 56 57 58 59 6 60 61 62 63 64 65 66 67 68 69 7 71 73 74 75 76 78 8  
allnum:70

res_-1_70_43_34.txt+res_-1_52_19_0.txt
balance:52  
1 10 12 13 14 15 16 17 18 19 2 20 21 22 23 24 25 26 27 28 29 3 30 31 32 34 35 36 37 38 39 4 40 41 42 44 45 46 47 48 49 5 50 51 52 53 54 55 56 57 58 59 6 60 61 62 63 64 65 66 67 68 69 7 70 71 73 74 75 76 78 79 8 80  
allnum:74

res_-1_70_43_34.txt+res_-1_67_19_0.txt
balance:52  
1 10 11 12 13 14 15 16 17 18 19 2 20 21 22 23 24 25 26 27 28 29 3 30 31 32 33 34 35 36 37 38 39 4 40 41 42 44 45 46 47 48 49 5 50 51 52 53 54 55 56 57 58 59 6 60 61 62 63 64 65 66 67 68 69 7 70 71 72 73 74 75 76 78 79 8 80  
allnum:77

res_-1_70_43_34.txt+res_-1_52_6_0.txt
balance:52  
1 10 11 12 13 14 15 16 17 18 19 2 20 21 22 23 24 25 26 27 28 29 3 30 31 32 34 35 36 37 38 39 4 40 41 42 44 45 46 47 48 49 5 50 51 52 53 54 55 56 57 58 59 6 60 61 62 63 64 65 66 67 68 69 7 70 71 73 74 75 76 78 79 8 80  
allnum:75

res_-1_50_21_4.txt+res_55_45_22_0.txt
balance:52  
10 11 12 13 14 16 18 19 20 21 22 23 24 25 29 30 31 32 33 34 35 36 37 38 39 4 40 41 42 43 46 47 48 49 50 51 52 53 54 55 56 57 58 59 6 60 61 62 63 64 65 66 67 7 70 71 72 73 74 76 78 8 80 9  
allnum:64

res_-1_72_50_2.txt+res_55_45_22_0.txt
balance:52  
10 12 14 16 18 19 20 21 22 23 24 25 31 32 33 34 35 36 37 38 39 40 41 42 43 46 47 48 49 50 51 52 54 55 56 57 58 59 6 60 61 62 63 64 65 66 67 7 74 76 78 8 80  
allnum:53

res_60_54_19_11.txt+res_53_52_19_0.txt
balance:34  
1 11 12 14 16 19 2 20 21 22 23 24 25 28 29 3 30 31 34 36 37 38 39 4 40 41 44 45 46 47 48 49 5 50 51 52 53 54 55 56 57 59 6 60 61 62 63 64 65 66 71 73 74 76 78 8  
allnum:56

res_60_54_19_11.txt+res_-1_60_19_11.txt
balance:34  
1 12 14 16 19 2 20 21 22 23 25 28 29 3 30 33 34 36 37 38 39 4 40 41 45 46 47 48 49 5 50 51 52 53 54 55 56 57 58 59 6 60 61 62 63 64 65 66 69 73 74 75 76 78 8  
allnum:55

res_60_54_19_11.txt+res_-1_50_27_19.txt
balance:34  
1 10 12 14 16 18 19 2 20 21 23 24 25 28 3 34 35 36 37 39 4 40 41 45 46 47 48 49 5 50 51 52 53 54 55 56 57 59 60 61 62 63 64 65 73 76 78 8  
allnum:48

res_60_54_19_11.txt+res_-1_62_39_34.txt
balance:34  
10 12 14 16 18 19 20 21 22 23 24 25 26 27 29 3 34 35 36 37 38 39 4 40 41 46 47 48 49 5 50 51 52 53 54 55 56 57 58 59 6 60 61 62 63 64 65 66 67 68 69 7 76 78 8 80  
allnum:56

res_60_54_19_11.txt+res_-1_75_19_11.txt
balance:34  
1 12 14 16 19 2 20 21 22 23 25 28 29 3 30 33 34 37 38 39 4 40 41 45 46 47 48 49 5 50 51 52 53 54 55 56 57 58 59 6 60 61 62 63 64 65 66 69 73 74 75 76 78 79 8  
allnum:55

res_60_54_19_11.txt+res_-1_79_47_41.txt
balance:34  
10 12 14 16 18 19 20 21 22 23 24 25 26 27 3 34 35 36 37 38 39 4 40 41 46 47 48 49 5 50 51 52 53 54 56 57 59 6 60 61 62 63 64 65 66 67 68 69 7 76 78 8 80  
allnum:53

res_-1_30_11_6.txt+res_53_52_19_0.txt
balance:34  
1 10 11 12 16 19 2 20 21 22 23 24 25 28 29 3 30 31 33 34 36 37 38 39 4 40 41 42 44 45 46 47 48 49 5 50 51 52 53 54 55 56 57 58 59 6 60 61 62 63 64 65 66 67 68 69 71 73 74 75 76 78 80  
allnum:63

res_-1_30_11_6.txt+res_-1_60_19_11.txt
balance:34  
1 10 12 16 19 2 20 21 22 23 24 25 28 29 3 30 33 34 36 37 38 39 4 40 41 42 44 45 46 47 48 49 5 50 51 52 53 54 55 56 57 58 59 6 60 61 62 63 64 65 66 67 68 69 73 74 75 76 78 80  
allnum:60

res_-1_30_11_6.txt+res_-1_50_27_19.txt
balance:34  
1 10 12 16 18 19 2 20 21 22 23 24 25 28 29 3 33 34 35 36 37 38 39 4 40 41 42 44 45 46 47 48 49 5 50 51 52 53 54 55 56 57 58 59 6 60 61 62 63 64 65 66 67 68 69 73 74 75 76 78 80  
allnum:61

res_-1_30_11_6.txt+res_-1_62_39_34.txt
balance:34  
1 10 12 14 16 18 19 2 20 21 22 23 24 25 26 27 28 29 3 33 34 35 36 37 38 39 4 40 41 42 44 45 46 47 48 49 5 50 51 52 53 54 55 56 57 58 59 6 60 61 62 63 64 65 66 67 68 69 7 73 74 75 76 78 8 80  
allnum:66

res_-1_30_11_6.txt+res_-1_75_19_11.txt
balance:34  
1 10 12 16 19 2 20 21 22 23 24 25 28 29 3 30 33 34 36 37 38 39 4 40 41 42 44 45 46 47 48 49 5 50 51 52 53 54 55 56 57 58 59 6 60 61 62 63 64 65 66 67 68 69 73 74 75 76 78 79 8 80  
allnum:62

res_-1_30_11_6.txt+res_-1_79_47_41.txt
balance:34  
1 10 12 14 16 18 19 2 20 21 22 23 24 25 26 27 28 29 3 33 34 35 36 37 38 39 4 40 41 42 44 45 46 47 48 49 5 50 51 52 53 54 55 56 57 58 59 6 60 61 62 63 64 65 66 67 68 69 7 73 74 75 76 78 8 80  
allnum:66

res_-1_30_19_11.txt+res_53_52_19_0.txt
balance:34  
1 10 11 12 16 18 19 2 20 21 22 23 24 25 28 29 3 30 31 33 34 36 37 38 39 4 40 41 42 44 45 46 47 48 49 5 50 51 52 53 54 55 56 57 58 59 6 60 61 62 63 64 65 66 69 71 73 74 75 76 78  
allnum:61

res_-1_30_19_11.txt+res_-1_60_19_11.txt
balance:34  
1 10 12 16 18 19 2 20 21 22 23 24 25 28 29 3 30 33 34 36 37 38 39 4 40 41 42 44 45 46 47 48 49 5 50 51 52 54 55 56 57 58 59 6 60 61 62 63 64 65 66 69 73 74 75 76 78  
allnum:57

res_-1_30_19_11.txt+res_-1_50_27_19.txt
balance:34  
1 10 12 16 18 19 2 20 21 22 23 24 25 28 29 3 33 34 35 36 37 38 39 4 40 41 42 44 45 46 47 48 49 5 50 51 52 53 54 55 56 57 58 59 6 60 61 62 63 64 65 66 69 73 74 75 76 78  
allnum:58

res_-1_30_19_11.txt+res_-1_62_39_34.txt
balance:34  
1 10 12 14 16 18 19 2 20 21 22 23 24 25 26 27 28 29 3 33 34 35 36 37 38 39 4 40 41 42 44 45 46 47 48 49 5 50 51 52 53 54 55 56 57 58 59 6 60 61 62 63 64 65 66 67 68 69 7 73 74 75 76 78 8 80  
allnum:66

res_-1_30_19_11.txt+res_-1_75_19_11.txt
balance:34  
1 10 12 16 18 19 2 20 21 22 23 24 25 28 29 3 30 33 34 37 38 39 4 40 41 42 44 45 46 47 48 49 5 50 51 52 53 54 55 56 57 58 59 6 60 61 62 63 64 65 66 69 73 74 75 76 78 79 8  
allnum:59

res_-1_30_19_11.txt+res_-1_79_47_41.txt
balance:34  
1 10 12 14 16 18 19 2 20 21 22 23 24 25 26 27 28 29 3 33 34 35 36 37 38 39 4 40 41 42 44 45 46 47 48 49 5 50 51 52 53 54 55 56 57 58 59 6 60 61 62 63 64 65 66 67 68 69 7 73 74 75 76 78 8 80  
allnum:66

res_-1_45_19_11.txt+res_53_52_19_0.txt
balance:34  
1 10 11 12 16 18 19 2 20 21 22 23 24 25 28 29 3 30 31 33 34 36 37 38 39 4 41 44 45 46 47 48 49 5 50 51 52 53 54 55 56 57 58 59 6 60 61 62 63 64 65 66 69 71 73 74 75 76 78  
allnum:59

res_-1_45_19_11.txt+res_-1_60_19_11.txt
balance:34  
1 10 12 16 18 19 2 20 21 22 23 25 28 29 3 30 33 34 36 37 38 39 4 40 41 44 45 46 47 48 49 5 50 51 52 54 55 56 58 59 6 60 61 62 63 64 65 66 69 73 74 75 76 78  
allnum:54

res_-1_45_19_11.txt+res_-1_50_27_19.txt
balance:34  
1 10 12 16 18 19 2 20 21 22 23 24 25 28 29 3 33 34 35 36 37 38 39 4 41 44 45 46 47 48 49 5 50 51 52 53 54 55 56 58 59 6 60 61 62 63 64 65 66 69 73 74 75 76 78  
allnum:55

res_-1_45_19_11.txt+res_-1_62_39_34.txt
balance:34  
1 10 12 14 16 18 19 2 20 21 22 23 24 25 26 27 28 29 3 33 34 35 36 37 38 39 4 40 41 44 45 46 47 48 49 5 50 51 52 53 54 55 56 57 58 59 6 60 61 62 63 64 65 66 67 68 69 7 73 74 75 76 78 8 80  
allnum:65

res_-1_45_19_11.txt+res_-1_75_19_11.txt
balance:34  
1 10 12 16 18 19 2 20 21 22 23 25 28 29 3 30 33 34 36 37 38 39 4 40 41 44 45 46 47 48 49 5 50 51 52 53 54 55 56 58 59 6 60 61 62 63 64 65 66 69 73 74 75 76 78 79 8  
allnum:57

res_-1_45_19_11.txt+res_-1_79_47_41.txt
balance:34  
1 10 12 14 16 18 19 2 20 21 22 23 24 25 26 27 28 29 3 33 34 35 36 37 38 39 4 40 41 44 45 46 47 48 49 5 50 51 52 53 54 55 56 57 58 59 6 60 61 62 63 64 65 66 67 68 69 7 73 74 75 76 78 8 80  
allnum:65

res_-1_62_54_19.txt+res_60_54_19_11.txt
balance:53  
11 14 16 19 20 21 22 23 25 28 29 3 30 31 34 37 39 4 40 41 42 43 44 45 46 47 48 49 5 50 51 52 53 54 55 56 57 59 6 60 61 62 63 64 65 73 74 76 78 8  
allnum:50

res_-1_75_37_4.txt+res_60_54_19_11.txt
balance:53  
10 12 14 16 19 20 21 22 23 24 25 28 3 30 34 35 36 37 38 39 4 40 41 42 44 45 46 47 48 49 5 50 51 52 53 54 55 56 57 59 6 60 61 62 63 64 65 66 67 69 7 74 76 78 8 80  
allnum:56

res_-1_62_54_6.txt+res_60_54_19_11.txt
balance:53  
11 12 14 16 17 18 19 20 21 22 23 24 25 27 28 29 3 30 31 34 36 37 38 39 4 40 41 42 43 44 45 46 47 48 49 5 50 51 52 53 54 55 56 57 59 6 60 61 62 63 64 65 66 7 73 74 76 78 8  
allnum:59

res_29_14_6_0.txt+res_-1_-1_75_19.txt
balance:78  
1 10 11 12 13 14 15 16 17 19 2 20 21 22 23 24 25 28 29 3 30 31 32 33 34 35 36 37 38 39 4 40 41 42 44 45 46 47 48 49 5 50 51 52 54 55 56 57 58 59 6 60 61 62 63 64 65 66 69 7 73 74 75 76 78 8  
allnum:66

res_29_14_6_0.txt+res_-1_67_55_19.txt
balance:78  
12 15 16 19 2 21 22 23 24 25 28 29 3 34 37 38 39 4 40 41 42 44 45 46 47 48 49 5 50 51 52 54 55 56 57 59 6 60 61 62 63 64 65 66 68 69 73 74 75 76 78  
allnum:51

res_29_14_6_0.txt+res_-1_70_52_19.txt
balance:78  
11 12 15 16 19 2 20 21 22 23 24 25 28 29 3 34 37 38 39 4 40 41 42 44 45 46 47 48 49 5 50 51 52 54 55 56 57 59 6 60 61 62 63 64 65 66 67 68 69 73 74 75 76 78  
allnum:54

res_-1_54_19_0.txt+res_-1_-1_75_19.txt
balance:78  
1 10 11 12 13 14 15 16 17 19 2 20 21 22 23 24 25 28 29 3 30 31 32 33 34 35 36 37 38 39 4 40 41 42 43 44 45 46 47 48 49 5 50 51 52 53 54 55 56 57 58 59 6 60 61 62 63 64 65 66 69 7 73 74 75 76 78 8  
allnum:68

res_-1_54_19_0.txt+res_-1_67_55_19.txt
balance:78  
12 14 15 16 19 2 21 22 23 24 25 28 29 3 34 37 38 39 4 40 41 42 43 44 45 46 47 48 49 5 50 51 52 53 54 55 56 57 59 6 60 61 62 63 64 65 66 68 69 73 74 75 76 78  
allnum:54

res_-1_54_19_0.txt+res_-1_70_52_19.txt
balance:78  
11 12 14 15 16 19 2 20 21 22 23 24 25 28 29 3 34 37 38 39 4 40 41 42 43 44 45 46 47 48 49 5 50 51 52 53 54 55 56 57 59 6 60 61 62 63 64 65 66 67 68 69 73 74 75 76 78  
allnum:57

res_-1_50_19_6.txt+res_-1_-1_75_19.txt
balance:78  
1 10 11 12 13 14 15 16 17 19 2 20 21 22 23 24 25 26 28 29 3 30 31 32 33 34 35 36 37 38 39 4 40 41 42 44 45 46 47 48 49 5 50 51 53 54 55 56 57 58 59 6 60 61 62 63 64 65 66 68 69 7 73 74 75 76 78 8 9  
allnum:69

res_-1_50_19_6.txt+res_-1_67_55_19.txt
balance:78  
10 11 12 14 15 19 2 21 22 23 24 25 26 28 29 3 34 35 36 37 38 39 4 40 41 42 44 45 46 47 48 49 5 50 51 53 54 55 56 57 59 6 60 61 62 63 64 65 66 68 69 73 74 75 76 78 9  
allnum:57

res_-1_50_19_6.txt+res_-1_70_52_19.txt
balance:78  
10 11 12 14 15 19 2 20 21 22 23 24 25 26 28 29 3 34 35 36 37 38 39 4 40 41 42 44 45 46 47 48 49 5 50 51 52 53 54 55 56 57 59 6 60 61 62 63 64 65 66 67 68 69 73 74 75 76 78 9  
allnum:60

res_-1_-1_19_17.txt+res_-1_-1_19_0.txt
balance:78  
1 11 12 13 15 16 17 19 2 20 21 22 24 25 28 29 3 30 31 32 33 34 35 37 38 39 4 40 41 42 43 44 45 46 47 48 49 5 50 51 52 53 54 55 56 57 58 59 6 60 61 62 63 64 65 66 69 7 73 74 75 76 77 78 8  
allnum:65

res_-1_-1_19_17.txt+res_-1_-1_60_19.txt
balance:78  
1 10 11 12 13 15 16 17 18 19 2 20 21 22 24 25 28 29 3 30 31 32 33 34 35 36 37 38 39 4 40 41 42 43 44 45 46 47 48 49 5 50 51 52 53 54 55 56 57 58 59 6 60 61 62 63 64 65 66 69 7 73 74 75 76 77 78 8  
allnum:68

res_-1_-1_19_17.txt+res_-1_30_29_0.txt
balance:78  
1 10 11 12 13 15 16 17 19 2 20 21 22 23 24 25 26 28 29 3 30 31 32 33 34 35 36 37 38 39 4 40 41 42 43 44 45 46 47 48 49 5 50 51 52 53 54 55 56 57 58 59 6 60 61 62 63 64 65 66 68 69 7 73 74 75 76 77 78 8  
allnum:70

res_64_52_50_0.txt+res_72_64_50_0.txt
balance:61  
10 11 12 16 18 19 20 21 22 23 24 25 28 29 3 30 34 41 42 43 44 45 46 47 48 50 51 52 53 54 55 56 59 60 61 62 64 65 66 74 75 76 9  
allnum:43

res_64_52_50_0.txt+res_-1_36_34_25.txt
balance:61  
10 11 12 18 19 20 21 22 23 24 25 26 28 29 3 30 33 34 35 36 37 38 39 41 44 45 46 47 48 49 50 51 52 53 54 56 57 59 6 60 61 62 63 64 65 66 67 68 69 7 74 75 76 78 8  
allnum:55

res_50_17_11_10.txt+res_72_64_50_0.txt
balance:61  
10 11 12 16 18 19 20 21 22 23 24 25 28 29 3 30 34 41 42 43 44 45 46 47 48 50 51 52 53 54 55 56 59 60 61 62 64 65 66 74 75 76 9  
allnum:43

res_50_17_11_10.txt+res_-1_36_34_25.txt
balance:61  
10 11 12 18 19 20 21 22 23 24 25 26 33 34 35 36 37 38 39 41 46 47 48 49 50 51 52 53 54 56 57 59 6 60 61 62 63 64 65 66 67 68 69 7 74 76 78 8  
allnum:48

res_62_52_48_36.txt+res_72_64_50_0.txt
balance:61  
10 11 12 16 18 19 20 21 22 23 24 25 28 29 3 30 34 36 37 38 39 41 42 43 44 45 46 47 48 50 51 52 53 54 55 56 59 60 61 62 63 64 65 66 74 75 76 9  
allnum:48

res_62_52_48_36.txt+res_-1_36_34_25.txt
balance:61  
10 11 12 18 19 20 21 22 23 24 25 26 33 34 35 36 37 38 39 41 46 47 48 49 50 51 52 53 54 56 57 59 6 60 61 62 63 64 65 66 67 68 69 7 74 76 78 8  
allnum:48

res_64_50_37_0.txt+res_72_64_50_0.txt
balance:61  
10 11 12 16 18 19 20 21 22 23 24 25 28 29 3 30 34 41 42 43 44 45 46 47 48 50 51 52 53 54 55 56 59 60 61 62 64 65 66 74 75 76 9  
allnum:43

res_64_50_37_0.txt+res_-1_36_34_25.txt
balance:61  
10 11 12 18 19 20 21 22 23 24 25 26 28 29 3 30 33 34 35 36 37 38 39 41 46 47 48 49 50 51 52 53 54 56 57 59 6 60 61 62 63 64 65 66 67 68 69 7 74 75 76 78 8  
allnum:53

res_52_29_19_15.txt+res_72_64_50_0.txt
balance:61  
10 11 12 16 18 19 20 21 22 23 24 25 28 29 3 30 34 41 42 43 44 45 46 47 48 50 51 52 53 54 55 56 59 60 61 62 64 65 66 74 75 76 9  
allnum:43

res_52_29_19_15.txt+res_-1_36_34_25.txt
balance:61  
10 11 12 16 18 19 20 21 22 23 24 25 26 33 34 35 36 37 38 39 41 46 47 48 49 50 51 52 53 54 56 57 59 6 60 61 62 63 64 65 66 67 68 69 7 74 76 78 8  
allnum:49

res_-1_-1_57_19.txt+res_72_64_50_0.txt
balance:61  
1 10 11 12 16 18 19 2 20 21 22 23 24 25 28 29 3 30 33 34 37 38 39 4 41 42 43 44 45 46 47 48 5 50 51 52 53 54 55 56 58 59 6 60 61 62 63 64 65 66 69 73 74 75 76 78 9  
allnum:57

res_-1_-1_57_19.txt+res_-1_36_34_25.txt
balance:61  
1 10 11 12 18 19 2 20 21 22 23 24 25 26 28 29 3 30 33 34 35 36 37 38 39 4 41 45 46 47 48 49 5 50 51 52 53 54 55 56 57 58 59 6 60 61 62 63 64 65 66 67 68 69 7 73 74 76 78 8  
allnum:60

res_-1_48_62_34.txt+res_72_64_50_0.txt
balance:61  
10 11 12 16 18 19 20 21 22 23 24 25 28 29 3 30 34 36 37 38 39 41 42 43 44 45 46 47 48 50 51 52 53 54 55 56 59 60 61 62 63 64 65 66 74 75 76 9  
allnum:48

res_-1_48_62_34.txt+res_-1_36_34_25.txt
balance:61  
10 11 12 18 19 20 21 22 23 24 25 26 33 34 35 36 37 38 39 41 46 47 48 49 50 51 52 53 54 56 57 59 6 60 61 62 63 64 65 66 67 68 69 7 74 76 78 8  
allnum:48

res_-1_52_25_4.txt+res_72_64_50_0.txt
balance:61  
10 11 12 16 18 19 20 21 22 23 24 25 28 29 3 30 34 37 39 4 40 41 42 43 44 45 46 47 48 49 5 50 51 52 53 54 55 56 57 59 6 60 61 62 63 64 65 66 67 69 73 74 75 76 78 9  
allnum:56

res_-1_52_25_4.txt+res_-1_36_34_25.txt
balance:61  
10 11 12 16 18 19 20 21 22 23 24 25 26 28 29 3 30 33 34 35 36 37 38 39 4 40 41 42 44 45 46 47 48 49 5 50 51 52 53 54 55 56 57 59 6 60 61 62 63 64 65 66 67 68 69 7 73 74 75 76 78 8  
allnum:62

res_-1_48_57_19.txt+res_72_64_50_0.txt
balance:61  
1 10 11 12 16 18 19 2 20 21 22 23 24 25 28 29 3 30 31 33 34 38 39 4 41 42 43 44 45 46 47 48 5 50 51 52 53 54 55 56 58 59 6 60 61 62 63 64 65 66 69 74 75 76 78 9  
allnum:56

res_-1_48_57_19.txt+res_-1_36_34_25.txt
balance:61  
1 10 11 12 18 19 2 20 21 22 23 24 25 26 29 3 30 31 33 34 35 36 37 38 39 4 41 45 46 47 48 49 5 50 51 52 53 54 55 56 57 58 59 6 60 61 62 63 64 65 66 67 68 69 7 74 76 78 8  
allnum:59

res_64_52_50_0.txt+res_72_64_50_0.txt
balance:30  
10 11 12 16 18 19 20 21 22 23 24 25 28 29 3 30 34 41 42 43 44 45 46 47 48 50 51 52 53 54 55 56 59 60 61 62 64 65 66 74 75 76 9  
allnum:43

res_64_50_37_0.txt+res_72_64_50_0.txt
balance:30  
10 11 12 16 18 19 20 21 22 23 24 25 28 29 3 30 34 41 42 43 44 45 46 47 48 50 51 52 53 54 55 56 59 60 61 62 64 65 66 74 75 76 9  
allnum:43

res_-1_-1_57_19.txt+res_72_64_50_0.txt
balance:30  
1 10 11 12 16 18 19 2 20 21 22 23 24 25 28 29 3 30 33 34 37 38 39 4 41 42 43 44 45 46 47 48 5 50 51 52 53 54 55 56 58 59 6 60 61 62 63 64 65 66 69 73 74 75 76 78 9  
allnum:57

res_-1_-1_57_6.txt+res_72_64_50_0.txt
balance:30  
1 10 11 12 16 18 19 2 20 21 22 23 24 25 28 29 3 30 33 34 36 37 38 39 4 41 42 43 44 45 46 47 48 49 5 50 51 52 53 54 55 56 57 58 59 6 60 61 62 63 64 65 66 69 73 74 75 76 78 9  
allnum:60

res_-1_37_10_4.txt+res_72_64_50_0.txt
balance:30  
10 11 12 16 18 19 20 21 22 23 24 25 28 29 3 30 34 35 36 37 38 39 40 41 42 43 44 45 46 47 48 49 50 51 52 53 54 55 56 57 59 6 60 61 62 63 64 65 66 67 69 7 74 75 76 78 8 80 9  
allnum:59

res_-1_52_27_4.txt+res_72_64_50_0.txt
balance:30  
0 10 11 12 16 18 19 20 21 22 23 24 25 28 29 3 30 34 37 38 39 4 40 41 42 43 44 45 46 47 48 49 5 50 51 52 53 54 55 56 57 59 6 60 61 62 63 64 65 66 67 69 71 73 74 75 76 78 80 9  
allnum:60

res_-1_37_19_0.txt+res_72_64_50_0.txt
balance:30  
1 10 11 12 15 16 17 18 19 2 20 21 22 23 24 25 26 27 28 29 3 30 34 35 36 37 38 4 40 41 42 43 44 45 46 47 48 49 5 50 51 52 53 54 55 56 57 58 59 6 60 61 62 63 64 65 66 69 71 73 74 75 76 78 8 9  
allnum:66

res_64_52_50_0.txt+res_72_64_50_0.txt
balance:75  
10 11 12 16 18 19 20 21 22 23 24 25 28 29 3 30 34 41 42 43 44 45 46 47 48 50 51 52 53 54 55 56 59 60 61 62 64 65 66 74 75 76 9  
allnum:43

res_62_19_15_14.txt+res_72_64_50_0.txt
balance:75  
1 10 11 12 13 15 16 17 18 19 2 20 21 22 23 24 25 28 29 3 30 31 32 33 34 35 36 37 38 39 4 40 41 42 43 44 45 46 47 48 49 5 50 51 52 53 54 55 56 57 58 59 6 60 61 62 63 64 65 66 67 69 7 71 72 73 74 75 76 77 78 8 80 9  
allnum:74

res_64_50_37_0.txt+res_72_64_50_0.txt
balance:75  
10 11 12 16 18 19 20 21 22 23 24 25 28 29 3 30 34 41 42 43 44 45 46 47 48 50 51 52 53 54 55 56 59 60 61 62 64 65 66 74 75 76 9  
allnum:43

res_-1_67_27_4.txt+res_72_64_50_0.txt
balance:75  
0 10 11 12 13 16 18 19 20 21 22 23 24 25 26 28 29 3 30 34 35 36 37 38 39 4 41 42 43 44 45 46 47 48 49 5 50 51 52 53 54 55 56 57 59 6 60 61 62 63 64 65 66 69 7 71 73 74 75 76 78 8 80 9  
allnum:64

res_-1_48_47_6.txt+res_72_64_50_0.txt
balance:75  
1 10 11 12 13 14 15 16 17 18 19 2 20 21 22 23 24 25 26 28 29 3 30 31 32 33 34 35 36 37 38 39 4 40 41 42 43 44 45 46 47 48 49 5 50 51 52 53 54 55 56 57 58 59 6 60 61 62 63 64 65 66 67 68 69 7 71 72 73 74 75 76 78 8 9  
allnum:75

res_-1_48_19_6.txt+res_72_64_50_0.txt
balance:75  
1 10 11 12 13 14 16 18 19 2 20 21 22 23 24 25 27 28 29 3 30 31 33 34 36 37 38 39 4 40 41 42 43 44 45 46 47 48 49 5 50 51 52 53 54 55 56 57 58 59 6 60 61 62 63 64 65 66 67 68 69 7 70 71 72 73 74 75 76 78 79 8 9  
allnum:73

res_-1_41_27_19.txt+res_72_64_50_0.txt
balance:75  
10 11 12 13 14 15 16 17 18 19 2 20 21 22 23 24 25 26 28 29 3 30 31 32 33 34 35 36 37 38 39 4 40 41 42 43 44 45 46 47 48 49 5 50 51 52 53 54 55 56 57 58 59 6 60 61 62 63 64 65 66 67 68 69 7 73 74 75 76 78 8 80 9  
allnum:73

res_-1_48_62_6.txt+res_72_64_50_0.txt
balance:75  
1 10 11 12 13 14 15 16 17 18 19 2 20 21 22 23 24 25 28 29 3 30 31 32 33 34 35 36 37 38 39 4 40 41 42 43 44 45 46 47 48 49 5 50 51 52 53 54 55 56 57 58 59 6 60 61 62 63 64 65 66 67 68 69 7 70 71 72 73 74 75 76 77 78 79 8 80 9  
allnum:78

res_-1_43_39_4.txt+res_72_64_50_0.txt
balance:75  
1 10 11 12 16 18 19 2 20 21 22 23 24 25 27 28 29 3 30 31 34 35 36 37 38 39 4 40 41 42 43 44 45 46 47 48 49 5 50 51 52 53 54 55 56 57 59 6 60 61 62 63 64 65 66 67 69 7 71 73 74 75 76 78 8 80 9  
allnum:67

res_-1_41_19_12.txt+res_72_64_50_0.txt
balance:75  
10 11 12 13 14 15 16 17 18 19 2 20 21 22 23 24 25 28 29 3 30 31 32 33 34 37 38 39 4 40 41 42 43 44 45 46 47 48 49 5 50 51 52 53 54 55 56 57 58 59 6 60 61 62 63 64 65 66 69 7 73 74 75 76 78 8 9  
allnum:67

res_-1_52_27_4.txt+res_72_64_50_0.txt
balance:75  
0 10 11 12 16 18 19 20 21 22 23 24 25 28 29 3 30 34 37 38 39 4 40 41 42 43 44 45 46 47 48 49 5 50 51 52 53 54 55 56 57 59 6 60 61 62 63 64 65 66 67 69 71 73 74 75 76 78 80 9  
allnum:60

res_-1_60_41_19.txt+res_72_64_50_0.txt
balance:75  
10 11 12 13 14 15 16 17 18 19 2 20 21 22 23 24 25 26 28 29 3 30 31 32 33 34 35 36 37 38 39 4 40 41 42 43 44 45 46 47 48 49 5 50 51 52 53 54 55 56 57 58 59 6 60 61 62 63 64 65 66 67 68 69 7 73 74 75 76 78 8 9  
allnum:72

res_-1_48_60_19.txt+res_72_64_50_0.txt
balance:75  
1 10 11 12 16 18 19 2 20 21 22 23 24 25 28 29 3 30 33 34 35 36 37 38 39 4 40 41 42 43 44 45 46 47 48 49 5 50 51 52 53 54 55 56 57 58 59 6 60 61 62 63 64 65 66 67 69 71 74 75 76 78 80 9  
allnum:64

res_-1_64_32_0.txt+res_72_64_50_0.txt
balance:75  
10 11 12 13 15 16 17 18 19 20 21 22 23 24 25 26 27 28 29 3 30 31 33 34 35 36 37 38 39 4 40 41 42 43 44 45 46 47 48 49 5 50 51 52 53 54 55 56 57 58 59 6 60 61 62 63 64 65 66 69 7 71 74 75 76 79 8 9  
allnum:68

res_-1_-1_45_19.txt+res_-1_-1_60_19.txt
balance:75  
1 10 11 12 13 15 16 17 18 19 2 20 21 22 24 28 29 3 30 31 32 33 34 35 36 37 38 39 4 40 41 42 44 45 46 47 48 49 5 50 51 53 54 55 56 57 58 59 6 60 61 62 63 64 65 66 69 7 73 74 75 76 78 8  
allnum:64

res_-1_-1_45_19.txt+res_-1_-1_60_6.txt
balance:75  
1 10 11 12 13 14 15 16 17 18 19 2 20 21 22 23 24 25 26 28 29 3 30 31 32 33 34 35 36 37 38 39 4 40 41 42 44 45 46 47 48 49 5 50 51 52 53 54 55 56 57 58 59 6 60 61 62 63 64 65 66 67 68 69 7 73 74 75 76 78 8 80  
allnum:72

res_-1_-1_45_19.txt+res_-1_67_55_19.txt
balance:75  
1 10 12 15 19 2 21 22 23 24 28 29 3 33 34 35 36 37 38 39 4 40 41 42 44 45 46 47 48 49 5 50 51 53 54 55 56 57 58 59 6 60 61 62 63 64 65 66 68 69 73 74 75 76 78  
allnum:55

res_-1_-1_45_19.txt+res_-1_70_52_6.txt
balance:75  
1 10 11 12 15 18 19 2 20 21 22 23 24 25 28 29 3 31 32 33 34 35 36 37 38 39 4 40 41 42 44 45 46 47 48 49 5 50 51 52 53 54 55 56 57 58 59 6 60 61 62 63 64 65 66 67 68 69 71 73 74 75 76 78 80  
allnum:65

res_-1_-1_45_19.txt+res_-1_70_52_19.txt
balance:75  
1 10 11 12 15 19 2 20 21 22 23 24 25 28 29 3 33 34 35 36 37 38 39 4 40 41 42 44 45 46 47 48 49 5 50 51 52 53 54 55 56 57 58 59 6 60 61 62 63 64 65 66 67 68 69 73 74 75 76 78  
allnum:60

res_-1_-1_45_19.txt+res_-1_55_52_19.txt
balance:75  
1 10 12 15 19 2 20 21 22 23 24 25 28 29 3 33 34 35 36 37 38 39 4 40 41 42 44 45 46 47 48 49 5 50 51 52 53 54 55 56 57 58 59 6 60 61 62 63 64 65 66 67 68 69 73 74 75 76 78  
allnum:59

res_-1_-1_60_19.txt+res_-1_-1_60_19.txt
balance:75  
1 10 11 12 13 15 16 17 18 19 2 20 21 22 24 28 29 3 30 31 32 33 34 35 36 37 38 39 4 40 41 42 44 45 46 47 48 49 5 50 51 54 55 56 57 58 59 6 60 61 62 63 64 65 66 69 7 73 74 75 76 78 8  
allnum:63

res_-1_-1_60_19.txt+res_-1_-1_60_6.txt
balance:75  
1 10 11 12 13 14 15 16 17 18 19 2 20 21 22 23 24 25 26 28 29 3 30 31 32 33 34 35 36 37 38 39 4 40 41 42 44 45 46 47 48 49 5 50 51 52 53 54 55 56 57 58 59 6 60 61 62 63 64 65 66 67 68 69 7 73 74 75 76 78 8 80  
allnum:72

res_-1_-1_60_19.txt+res_-1_67_55_19.txt
balance:75  
1 10 11 12 13 15 16 17 18 19 2 20 21 22 23 24 28 29 3 30 31 32 33 34 35 36 37 38 39 4 40 41 42 44 45 46 47 48 49 5 50 51 54 55 56 57 58 59 6 60 61 62 63 64 65 66 68 69 7 73 74 75 76 78 8  
allnum:65

res_-1_-1_60_19.txt+res_-1_70_52_6.txt
balance:75  
1 10 11 12 13 15 16 17 18 19 2 20 21 22 23 24 25 28 29 3 30 31 32 33 34 35 36 37 38 39 4 40 41 42 44 45 46 47 48 49 5 50 51 52 54 55 56 57 58 59 6 60 61 62 63 64 65 66 67 68 69 7 71 73 74 75 76 78 8 80  
allnum:70

res_-1_-1_60_19.txt+res_-1_70_52_19.txt
balance:75  
1 10 11 12 13 15 16 17 18 19 2 20 21 22 23 24 25 28 29 3 30 31 32 33 34 35 36 37 38 39 4 40 41 42 44 45 46 47 48 49 5 50 51 52 54 55 56 57 58 59 6 60 61 62 63 64 65 66 67 68 69 7 73 74 75 76 78 8  
allnum:68

res_-1_-1_60_19.txt+res_-1_55_52_19.txt
balance:75  
1 10 11 12 13 15 16 17 18 19 2 20 21 22 23 24 25 28 29 3 30 31 32 33 34 35 36 37 38 39 4 40 41 42 44 45 46 47 48 49 5 50 51 52 54 55 56 57 58 59 6 60 61 62 63 64 65 66 67 68 69 7 73 74 75 76 78 8  
allnum:68

res_-1_-1_60_6.txt+res_-1_-1_60_19.txt
balance:75  
1 10 11 12 13 14 15 16 17 18 19 2 20 21 22 23 24 25 26 28 29 3 30 31 32 33 34 35 36 37 38 39 4 40 41 42 44 45 46 47 48 49 5 50 51 52 53 54 55 56 57 58 59 6 60 61 62 63 64 65 66 67 68 69 7 73 74 75 76 78 8 80  
allnum:72

res_-1_-1_60_6.txt+res_-1_-1_60_6.txt
balance:75  
1 10 11 12 13 14 15 16 17 18 19 2 20 21 22 23 24 25 26 28 29 3 30 31 32 33 34 35 36 37 38 39 4 40 41 42 44 45 46 47 48 49 5 50 51 52 53 54 55 56 57 58 59 6 60 61 62 63 64 65 66 67 68 69 7 73 74 75 76 78 8 80  
allnum:72

res_-1_-1_60_6.txt+res_-1_67_55_19.txt
balance:75  
1 10 11 12 13 14 15 16 17 18 19 2 20 21 22 23 24 25 26 28 29 3 30 31 32 33 34 35 36 37 38 39 4 40 41 42 44 45 46 47 48 49 5 50 51 52 53 54 55 56 57 58 59 6 60 61 62 63 64 65 66 67 68 69 7 73 74 75 76 78 8 80  
allnum:72

res_-1_-1_60_6.txt+res_-1_70_52_6.txt
balance:75  
1 10 11 12 13 14 15 16 17 18 19 2 20 21 22 23 24 25 26 28 29 3 30 31 32 33 34 35 36 37 38 39 4 40 41 42 44 45 46 47 48 49 5 50 51 52 53 54 55 56 57 58 59 6 60 61 62 63 64 65 66 67 68 69 7 71 73 74 75 76 78 8 80  
allnum:73

res_-1_-1_60_6.txt+res_-1_70_52_19.txt
balance:75  
1 10 11 12 13 14 15 16 17 18 19 2 20 21 22 23 24 25 26 28 29 3 30 31 32 33 34 35 36 37 38 39 4 40 41 42 44 45 46 47 48 49 5 50 51 52 53 54 55 56 57 58 59 6 60 61 62 63 64 65 66 67 68 69 7 73 74 75 76 78 8 80  
allnum:72

res_-1_-1_60_6.txt+res_-1_55_52_19.txt
balance:75  
1 10 11 12 13 14 15 16 17 18 19 2 20 21 22 23 24 25 26 28 29 3 30 31 32 33 34 35 36 37 38 39 4 40 41 42 44 45 46 47 48 49 5 50 51 52 53 54 55 56 57 58 59 6 60 61 62 63 64 65 66 67 68 69 7 73 74 75 76 78 8 80  
allnum:72

res_-1_-1_17_6.txt+res_-1_79_52_19.txt
balance:75  
1 10 11 12 13 14 15 16 17 19 2 20 21 22 23 24 25 26 28 29 3 30 31 32 33 34 35 36 37 38 39 4 40 41 42 43 44 45 46 47 48 49 5 50 51 52 53 54 55 56 57 58 59 6 60 61 62 63 64 65 66 67 68 69 7 71 73 74 75 76 77 78 8 80  
allnum:74

res_-1_-1_19_17.txt+res_-1_79_52_19.txt
balance:75  
1 10 11 12 13 14 15 16 17 19 2 20 21 22 23 24 25 26 28 29 3 30 31 32 33 34 35 36 37 38 39 4 40 41 42 43 44 45 46 47 48 49 5 50 51 52 53 54 55 56 57 58 59 6 60 61 62 63 64 65 66 67 68 69 7 71 73 74 75 76 77 78 8 80  
allnum:74

res_-1_75_37_19.txt+res_-1_75_52_19.txt
balance:75  
1 10 12 13 14 15 16 17 18 19 2 20 21 22 23 24 25 26 27 28 29 3 30 31 32 33 34 35 36 37 38 39 4 40 41 42 44 45 46 47 48 49 5 50 51 52 53 54 55 56 57 58 59 6 60 61 62 63 64 65 66 67 68 69 7 71 73 74 75 76 78 8 80  
allnum:73

res_53_17_14_0.txt+res_-1_32_30_15.txt
balance:48  
10 21 22 23 24 34 35 36 37 46 47 48 49 50 56 57 59 60 61 62 63 64 66 76  
allnum:24

res_54_19_11_0.txt+res_-1_32_30_15.txt
balance:48  
10 14 16 21 22 23 24 25 26 29 3 30 31 32 33 34 35 36 37 38 39 4 40 41 46 47 48 49 5 50 51 52 53 54 56 57 59 6 60 61 62 63 64 65 66 74 76 78 8  
allnum:49

res_52_17_15_14.txt+res_-1_32_30_15.txt
balance:48  
10 16 20 21 22 23 24 25 34 35 36 37 41 42 43 46 47 48 49 50 51 52 59 60 61 62 63 64 66 76  
allnum:30

res_79_54_37_0.txt+res_-1_32_30_15.txt
balance:48  
10 21 22 23 24 34 35 36 37 46 47 48 49 50 59 60 61 62 63 64 66 76  
allnum:22

res_60_54_19_11.txt+res_-1_32_30_15.txt
balance:48  
10 14 16 21 22 23 24 25 3 34 35 36 37 39 4 40 41 46 47 48 49 5 50 51 52 53 54 56 57 59 60 61 62 63 64 65 66 76 78 8  
allnum:40

res_64_25_15_0.txt+res_-1_32_30_15.txt
balance:48  
10 14 20 21 22 23 24 34 35 36 37 38 39 40 41 46 47 48 49 50 56 57 59 60 61 62 63 64 65 66 74 76 78  
allnum:33

res_47_43_36_22.txt+res_-1_32_30_15.txt
balance:48  
10 14 21 22 23 24 26 31 32 33 34 35 36 37 38 39 40 41 46 47 48 49 50 51 52 53 57 59 6 60 61 62 63 64 65 66 67 68 74 76 78 8 80  
allnum:43

res_29_14_6_0.txt+res_-1_32_30_15.txt
balance:48  
10 16 19 21 22 23 24 25 29 3 34 35 36 37 39 4 40 41 44 45 46 47 48 49 5 50 51 52 56 57 59 60 61 62 63 64 66 74 76 78  
allnum:40

res_48_47_41_15.txt+res_-1_32_30_15.txt
balance:48  
10 21 22 23 24 34 35 36 37 46 47 48 49 50 59 60 61 62 63 64 65 66 76 78  
allnum:24

res_64_55_36_0.txt+res_-1_32_30_15.txt
balance:48  
10 21 22 23 24 26 34 35 36 37 38 46 47 48 49 50 51 52 53 59 60 61 62 63 64 65 66 76  
allnum:28

res_-1_-1_55_8.txt+res_-1_32_30_15.txt
balance:48  
10 12 20 21 22 23 24 34 35 36 37 38 39 46 47 48 49 50 56 59 60 61 62 63 64 65 66 76  
allnum:28

res_-1_-1_60_34.txt+res_-1_32_30_15.txt
balance:48  
10 18 19 20 21 22 23 24 26 34 35 36 37 46 47 48 49 50 51 52 53 56 57 59 60 61 62 63 64 65 66 76  
allnum:32

res_-1_67_30_0.txt+res_-1_32_30_15.txt
balance:48  
10 21 22 23 24 34 35 36 37 46 47 48 49 50 57 59 60 61 62 63 64 66 76  
allnum:23

res_-1_32_15_0.txt+res_-1_32_30_15.txt
balance:48  
10 21 22 23 24 34 35 36 37 46 47 48 49 50 59 60 61 62 63 64 66 76  
allnum:22

res_-1_43_37_30.txt+res_-1_32_30_15.txt
balance:48  
10 21 22 23 24 34 35 36 37 46 47 48 49 50 56 59 60 61 62 63 64 65 66 76  
allnum:24

res_-1_54_19_0.txt+res_-1_32_30_15.txt
balance:48  
10 14 16 21 22 23 24 25 28 3 34 35 36 37 39 4 40 41 42 43 46 47 48 49 5 50 51 52 53 54 55 56 57 59 6 60 61 62 63 64 66 74 76 78  
allnum:44

res_-1_67_43_25.txt+res_-1_32_30_15.txt
balance:48  
10 12 21 22 23 24 34 35 36 37 38 39 46 47 48 49 50 55 56 57 59 60 61 62 63 64 65 66 69 76  
allnum:30

res_-1_32_30_15.txt+res_-1_32_30_15.txt
balance:48  
10 21 22 23 24 34 35 36 37 46 47 48 49 50 59 60 61 62 63 64 66 76  
allnum:22

res_-1_34_30_15.txt+res_-1_32_30_15.txt
balance:48  
10 21 22 23 24 34 35 36 37 46 47 48 49 50 59 60 61 62 63 64 65 66 76 78  
allnum:24

res_-1_55_36_2.txt+res_-1_32_30_15.txt
balance:48  
10 21 22 23 24 26 34 35 36 37 38 46 47 48 49 50 51 52 53 56 57 59 6 60 61 62 63 64 65 66 7 76 78 8  
allnum:34

res_-1_36_21_10.txt+res_-1_32_30_15.txt
balance:48  
10 11 12 18 19 20 21 22 23 24 26 28 30 34 35 36 37 38 39 40 41 46 47 48 49 50 51 52 53 54 55 56 57 59 60 61 62 63 64 65 66 67 68 69 76 78 80  
allnum:47

res_54_25_11_4.txt+res_-1_-1_19_0.txt
balance:39  
1 11 12 13 14 15 16 17 19 2 20 21 22 23 24 28 29 3 30 31 32 33 35 37 38 39 4 40 41 42 44 45 46 47 48 49 5 50 51 53 54 55 56 57 58 59 6 60 61 62 63 64 65 66 69 7 73 74 75 76 78 8  
allnum:62

res_54_25_11_4.txt+res_-1_60_54_19.txt
balance:39  
10 14 16 19 20 21 22 23 24 25 28 29 3 30 31 34 35 36 37 39 4 40 41 42 43 44 45 46 47 48 49 5 50 51 52 54 56 57 59 6 60 61 62 63 64 65 69 73 74 76 78  
allnum:51

res_60_54_19_11.txt+res_55_45_22_0.txt
balance:25  
10 12 14 16 20 21 22 23 24 25 3 31 32 33 34 35 36 37 38 39 4 40 41 46 47 48 49 5 50 51 52 53 54 55 56 57 58 59 6 60 61 62 63 64 65 66 67 7 74 76 78 8 80  
allnum:53

res_-1_60_19_11.txt+res_55_45_22_0.txt
balance:25  
1 10 12 14 16 19 2 20 21 22 23 24 25 28 29 3 30 31 32 33 34 35 36 37 38 39 4 40 41 45 46 47 48 49 5 50 51 52 54 55 56 57 58 59 6 60 61 62 63 64 65 66 67 69 7 73 74 75 76 78 8 80  
allnum:62

res_-1_50_21_4.txt+res_55_45_22_0.txt
balance:25  
10 11 12 13 14 16 18 19 20 21 22 23 24 25 29 30 31 32 33 34 35 36 37 38 39 4 40 41 42 43 46 47 48 49 50 51 52 53 54 55 56 57 58 59 6 60 61 62 63 64 65 66 67 7 70 71 72 73 74 76 78 8 80 9  
allnum:64

res_-1_72_50_2.txt+res_55_45_22_0.txt
balance:25  
10 12 14 16 18 19 20 21 22 23 24 25 31 32 33 34 35 36 37 38 39 40 41 42 43 46 47 48 49 50 51 52 54 55 56 57 58 59 6 60 61 62 63 64 65 66 67 7 74 76 78 8 80  
allnum:53

res_-1_30_11_6.txt+res_55_45_22_0.txt
balance:25  
1 10 12 14 16 19 2 20 21 22 23 24 25 28 29 3 31 32 33 34 35 36 37 38 39 4 40 41 42 44 45 46 47 48 49 5 50 51 52 53 54 55 56 57 58 59 6 60 61 62 63 64 65 66 67 68 69 7 73 74 75 76 78 8 80  
allnum:65

res_-1_67_75_19.txt+res_55_45_22_0.txt
balance:25  
1 10 11 12 13 14 15 16 17 18 19 2 20 21 22 23 24 25 26 27 28 29 3 30 31 32 33 34 35 36 37 38 39 4 40 41 42 44 45 46 47 48 49 5 50 51 52 53 54 55 56 57 58 59 6 60 61 62 63 64 65 66 67 68 69 7 70 71 72 73 74 75 76 78 8 80  
allnum:76

res_-1_75_19_11.txt+res_55_45_22_0.txt
balance:25  
1 10 12 14 16 19 2 20 21 22 23 24 25 28 29 3 30 31 32 33 34 35 36 37 38 39 4 40 41 45 46 47 48 49 5 50 51 52 53 54 55 56 57 58 59 6 60 61 62 63 64 65 66 67 69 7 73 74 75 76 78 79 8 80  
allnum:64

res_-1_30_19_11.txt+res_55_45_22_0.txt
balance:25  
1 10 12 14 16 18 19 2 20 21 22 23 24 25 28 29 3 31 32 33 34 35 36 37 38 39 4 40 41 42 44 45 46 47 48 49 5 50 51 52 54 55 56 57 58 59 6 60 61 62 63 64 65 66 67 69 7 73 74 75 76 78 8 80  
allnum:64

res_-1_45_19_11.txt+res_55_45_22_0.txt
balance:25  
1 10 12 14 16 18 19 2 20 21 22 23 24 25 28 29 3 31 32 33 34 35 36 37 38 39 4 40 41 44 45 46 47 48 49 5 50 51 52 54 55 56 57 58 59 6 60 61 62 63 64 65 66 67 69 7 73 74 75 76 78 8 80  
allnum:63

res_-1_50_47_17.txt+res_-1_37_34_21.txt
balance:71  
10 11 12 13 14 16 17 18 19 20 21 22 23 24 25 26 28 29 34 35 36 37 38 39 40 41 43 44 46 47 48 49 50 51 52 53 54 55 56 57 59 6 60 61 62 63 64 65 66 67 68 69 7 71 74 76 78 8 80  
allnum:59

res_-1_50_47_17.txt+res_-1_67_34_8.txt
balance:71  
10 11 12 13 14 16 17 18 19 20 21 22 23 24 25 26 29 34 35 36 37 38 39 40 41 43 44 46 47 48 49 50 51 52 53 54 55 56 57 59 6 60 61 62 63 64 65 66 67 68 69 7 71 74 76 78 8 80  
allnum:58

res_-1_50_47_17.txt+res_-1_67_79_34.txt
balance:71  
10 11 12 13 16 17 18 19 20 21 22 23 24 25 26 29 31 34 35 36 37 38 39 4 40 41 43 44 46 47 48 49 5 50 51 52 53 54 55 56 57 59 6 60 61 62 63 64 65 66 67 68 69 7 71 74 76 78 8 80  
allnum:60

res_-1_50_47_17.txt+res_-1_79_52_34.txt
balance:71  
10 11 12 13 14 16 17 18 19 20 21 22 23 24 25 26 29 31 34 35 36 37 38 39 4 40 41 43 44 46 47 48 49 5 50 51 52 53 54 55 56 57 59 6 60 61 62 63 64 65 66 67 68 69 7 71 74 76 78 8 80  
allnum:61

res_-1_50_47_17.txt+res_-1_55_52_34.txt
balance:71  
10 11 12 13 16 17 18 19 20 21 22 23 24 25 26 29 34 35 36 37 38 39 4 40 41 43 44 46 47 48 49 5 50 51 52 53 54 55 56 57 59 6 60 61 62 63 64 65 66 68 69 7 71 74 76 78 8  
allnum:57

res_-1_50_47_17.txt+res_-1_79_37_34.txt
balance:71  
10 11 12 13 14 16 17 18 19 20 21 22 23 24 25 26 29 34 35 36 37 38 39 40 41 43 44 46 47 48 49 50 51 52 53 54 55 56 57 59 6 60 61 62 63 64 65 66 67 68 69 7 71 74 76 78 8 80  
allnum:58

res_-1_75_34_29.txt+res_-1_37_34_21.txt
balance:71  
10 12 14 16 18 19 20 21 22 23 24 25 26 28 29 34 35 36 37 38 39 4 40 41 44 45 46 47 48 49 5 50 51 52 53 54 55 56 57 59 6 60 61 62 63 64 65 66 67 68 69 7 71 74 76 78 79 8 80  
allnum:59

res_-1_75_34_29.txt+res_-1_67_34_8.txt
balance:71  
10 12 14 16 17 18 19 20 21 22 23 24 25 26 28 29 34 35 36 37 38 39 4 40 41 44 45 46 47 48 49 5 50 51 52 53 54 55 56 57 59 6 60 61 62 63 64 65 66 67 68 69 7 71 74 76 78 79 8 80  
allnum:60

res_-1_75_34_29.txt+res_-1_67_79_34.txt
balance:71  
10 11 12 14 16 17 18 19 20 21 22 23 24 25 26 28 29 31 34 35 36 37 38 39 4 40 41 44 45 46 47 48 49 5 50 51 52 53 54 55 56 57 59 6 60 61 62 63 64 65 66 67 68 69 7 71 74 76 78 79 8 80  
allnum:62

res_-1_75_34_29.txt+res_-1_79_52_34.txt
balance:71  
10 11 12 14 16 17 18 19 20 21 22 23 24 25 26 28 29 31 34 35 36 37 38 39 4 40 41 44 45 46 47 48 49 5 50 51 52 53 54 55 56 57 59 6 60 61 62 63 64 65 66 67 68 69 7 71 74 76 78 79 8 80  
allnum:62

res_-1_75_34_29.txt+res_-1_55_52_34.txt
balance:71  
10 12 14 16 18 19 20 21 22 23 24 25 26 28 29 34 35 36 37 38 39 4 40 41 44 45 46 47 48 49 5 50 51 52 53 54 55 56 57 59 6 60 61 62 63 64 65 66 67 68 69 71 74 76 78 79 80  
allnum:57

res_-1_75_34_29.txt+res_-1_79_37_34.txt
balance:71  
10 12 14 16 18 19 20 21 22 23 24 25 26 28 29 34 35 36 37 38 39 4 40 41 44 45 46 47 48 49 5 50 51 52 53 54 55 56 57 59 6 60 61 62 63 64 65 66 67 68 69 7 71 74 76 78 79 8 80  
allnum:59

res_-1_62_50_2.txt+res_-1_37_34_21.txt
balance:71  
11 12 13 14 16 17 18 19 20 21 22 23 24 25 26 28 29 30 34 35 36 37 38 39 4 40 41 43 44 46 47 48 49 5 50 51 52 53 54 55 56 57 59 6 60 61 62 63 64 65 66 67 68 69 7 71 74 76 77 78 8 80  
allnum:62

res_-1_62_50_2.txt+res_-1_67_34_8.txt
balance:71  
10 11 12 13 14 16 17 18 19 20 21 22 23 24 25 26 29 30 34 35 36 37 38 39 4 40 41 43 44 48 49 5 50 51 52 53 54 55 56 57 59 6 60 61 62 63 64 65 66 67 68 69 7 71 74 76 77 78 8 80  
allnum:60

res_-1_62_50_2.txt+res_-1_67_79_34.txt
balance:71  
10 11 12 13 16 17 18 19 20 21 22 23 24 25 26 29 30 31 34 35 36 37 38 39 4 40 41 43 44 46 47 48 49 5 50 51 52 53 54 55 56 57 59 6 60 61 62 63 64 65 66 67 68 69 7 71 74 76 77 78 8 80  
allnum:62

res_-1_62_50_2.txt+res_-1_79_52_34.txt
balance:71  
10 11 12 13 14 16 17 18 19 20 21 22 23 24 25 26 29 30 31 34 35 36 37 38 39 4 40 41 43 44 46 47 48 49 5 50 51 52 53 54 55 56 57 59 6 60 61 62 63 64 65 66 67 68 69 7 71 74 76 77 78 8 80  
allnum:63

res_-1_62_50_2.txt+res_-1_55_52_34.txt
balance:71  
11 12 13 16 17 20 21 22 23 24 25 26 29 30 34 35 37 38 39 4 40 41 43 44 48 49 5 50 51 52 53 54 55 56 57 59 6 60 61 62 63 64 65 66 68 69 71 74 76 77 78  
allnum:51

res_-1_62_50_2.txt+res_-1_79_37_34.txt
balance:71  
10 11 12 13 14 16 17 18 19 20 21 22 23 24 25 26 29 30 34 35 36 37 38 39 4 40 41 43 44 46 47 48 49 5 50 51 52 53 54 55 56 57 59 6 60 61 62 63 64 65 66 67 68 69 7 71 74 76 77 78 8 80  
allnum:62

res_-1_50_47_2.txt+res_-1_37_34_21.txt
balance:71  
11 12 13 14 16 17 18 19 20 21 22 23 24 25 26 28 29 34 35 36 37 38 39 40 41 43 44 46 47 48 49 50 51 52 53 54 55 56 57 59 6 60 61 62 63 64 65 66 67 68 69 7 71 74 76 78 8 80  
allnum:58

res_-1_50_47_2.txt+res_-1_67_34_8.txt
balance:71  
10 11 12 13 14 16 17 18 19 20 21 22 23 24 25 26 29 34 35 36 37 38 39 40 41 43 44 48 49 50 51 52 53 54 55 56 57 59 6 60 61 62 63 64 65 66 67 68 69 7 71 74 76 78 8 80  
allnum:56

res_-1_50_47_2.txt+res_-1_67_79_34.txt
balance:71  
10 11 12 13 16 17 18 19 20 21 22 23 24 25 26 29 31 34 35 36 37 38 39 4 40 41 43 44 46 47 48 49 5 50 51 52 53 54 55 56 57 59 6 60 61 62 63 64 65 66 67 68 69 7 71 74 76 78 8 80  
allnum:60

res_-1_50_47_2.txt+res_-1_79_52_34.txt
balance:71  
10 11 12 13 14 16 17 18 19 20 21 22 23 24 25 26 29 31 34 35 36 37 38 39 4 40 41 43 44 46 47 48 49 5 50 51 52 53 54 55 56 57 59 6 60 61 62 63 64 65 66 67 68 69 7 71 74 76 78 8 80  
allnum:61

res_-1_50_47_2.txt+res_-1_55_52_34.txt
balance:71  
11 12 13 16 17 20 21 22 23 24 25 26 29 34 35 37 38 39 4 40 41 43 44 48 49 5 50 51 52 53 54 55 56 57 59 6 60 61 62 63 64 65 66 68 69 71 74 78  
allnum:48

res_-1_50_47_2.txt+res_-1_79_37_34.txt
balance:71  
10 11 12 13 14 16 17 18 19 20 21 22 23 24 25 26 29 34 35 36 37 38 39 40 41 43 44 46 47 48 49 50 51 52 53 54 55 56 57 59 6 60 61 62 63 64 65 66 67 68 69 7 71 74 76 78 8 80  
allnum:58

res_-1_64_34_30.txt+res_-1_37_34_21.txt
balance:71  
10 12 14 16 18 19 20 21 22 23 24 25 26 28 29 34 35 36 37 38 39 40 41 46 47 48 49 50 51 52 53 54 55 56 57 58 59 6 60 61 62 63 64 65 66 67 69 7 71 74 76 78 79 8 80  
allnum:55

res_-1_64_34_30.txt+res_-1_67_34_8.txt
balance:71  
10 12 14 16 17 18 19 20 21 22 23 24 25 26 29 34 35 36 37 38 39 40 41 46 47 48 49 50 51 52 53 54 55 56 57 58 59 6 60 61 62 63 64 65 66 67 69 7 71 74 76 78 79 8 80  
allnum:55

res_-1_64_34_30.txt+res_-1_67_79_34.txt
balance:71  
10 11 12 16 17 18 19 20 21 22 23 24 25 26 29 31 34 35 36 37 38 39 4 40 46 47 48 49 5 50 51 52 53 54 55 56 57 58 59 6 60 61 62 63 64 65 66 67 69 7 71 74 76 78 79 8 80  
allnum:57

res_-1_64_34_30.txt+res_-1_79_52_34.txt
balance:71  
10 11 12 14 16 17 18 19 20 21 22 23 24 25 26 29 31 34 35 36 37 38 39 4 40 41 46 47 48 49 5 50 51 52 53 54 55 56 57 58 59 6 60 61 62 63 64 65 66 67 69 7 71 74 76 78 79 8 80  
allnum:59

res_-1_64_34_30.txt+res_-1_55_52_34.txt
balance:71  
10 12 16 18 19 20 21 22 23 24 25 29 34 35 36 37 38 39 4 40 46 47 48 49 5 50 51 52 54 55 56 57 58 59 6 60 61 62 63 64 65 66 69 7 71 74 76 78 79 8  
allnum:50

res_-1_64_34_30.txt+res_-1_79_37_34.txt
balance:71  
10 12 14 16 18 19 20 21 22 23 24 25 26 29 34 35 36 37 38 39 40 41 46 47 48 49 50 51 52 53 54 55 56 57 58 59 6 60 61 62 63 64 65 66 67 68 69 7 71 74 76 78 79 8 80  
allnum:55

res_-1_62_50_17.txt+res_-1_37_34_21.txt
balance:71  
10 11 12 13 14 16 17 18 19 20 21 22 23 24 25 26 28 29 30 34 35 36 37 38 39 4 40 41 43 44 45 46 47 48 49 5 50 51 52 53 54 55 56 57 59 6 60 61 62 63 64 65 66 67 68 69 7 71 74 76 77 78 8 80  
allnum:64

res_-1_62_50_17.txt+res_-1_67_34_8.txt
balance:71  
10 11 12 13 14 16 17 18 19 20 21 22 23 24 25 26 29 30 34 35 36 37 38 39 4 40 41 43 44 45 46 48 49 5 50 51 52 53 54 55 56 57 59 6 60 61 62 63 64 65 66 67 68 69 7 71 74 76 77 78 8 80  
allnum:62

res_-1_62_50_17.txt+res_-1_67_79_34.txt
balance:71  
10 11 12 13 16 17 18 19 20 21 22 23 24 25 26 29 30 31 34 35 36 37 38 39 4 40 41 43 44 45 46 47 48 49 5 50 51 52 53 54 55 56 57 59 6 60 61 62 63 64 65 66 67 68 69 7 71 74 76 77 78 8 80  
allnum:63

res_-1_62_50_17.txt+res_-1_79_52_34.txt
balance:71  
10 11 12 13 14 16 17 18 19 20 21 22 23 24 25 26 29 30 31 34 35 36 37 38 39 4 40 41 43 44 45 46 47 48 49 5 50 51 52 53 54 55 56 57 59 6 60 61 62 63 64 65 66 67 68 69 7 71 74 76 77 78 8 80  
allnum:64

res_-1_62_50_17.txt+res_-1_55_52_34.txt
balance:71  
10 11 12 13 16 17 19 20 21 22 23 24 25 26 29 30 34 35 36 37 38 39 4 40 41 43 44 45 46 48 49 5 50 51 52 53 54 55 56 57 59 6 60 61 62 63 64 65 66 67 68 69 7 71 74 76 77 78 8 80  
allnum:60

res_-1_62_50_17.txt+res_-1_79_37_34.txt
balance:71  
10 11 12 13 14 16 17 18 19 20 21 22 23 24 25 26 29 30 34 35 36 37 38 39 4 40 41 43 44 45 46 47 48 49 5 50 51 52 53 54 55 56 57 59 6 60 61 62 63 64 65 66 67 68 69 7 71 74 76 77 78 8 80  
allnum:63

res_-1_-1_45_19.txt+res_-1_70_52_19.txt
balance:6  
1 10 11 12 15 19 2 20 21 22 23 24 25 28 29 3 33 34 35 36 37 38 39 4 40 41 42 44 45 46 47 48 49 5 50 51 52 53 54 55 56 57 58 59 6 60 61 62 63 64 65 66 67 68 69 73 74 75 76 78  
allnum:60

res_-1_-1_19_0.txt+res_-1_70_52_19.txt
balance:6  
1 11 12 13 15 16 17 19 2 20 21 22 23 24 25 28 29 3 30 31 32 33 35 37 38 39 4 40 41 42 44 45 46 47 48 49 5 50 51 52 53 54 55 56 57 58 59 6 60 61 62 63 64 65 66 67 68 69 7 73 74 75 76 78 8  
allnum:65

res_-1_-1_75_19.txt+res_-1_70_52_19.txt
balance:6  
1 10 11 12 13 14 15 16 17 19 2 20 21 22 23 24 25 28 29 3 30 31 32 33 34 35 36 37 38 39 4 40 41 42 44 45 46 47 48 49 5 50 51 52 54 55 56 57 58 59 6 60 61 62 63 64 65 66 67 68 69 7 73 74 75 76 78 8  
allnum:68

res_-1_-1_75_6.txt+res_-1_70_52_19.txt
balance:6  
1 10 11 12 13 14 15 16 17 18 19 2 20 21 22 23 24 25 26 28 29 3 30 31 32 33 34 35 36 37 38 39 4 40 41 42 44 45 46 47 48 49 5 50 51 52 53 54 55 56 57 58 59 6 60 61 62 63 64 65 66 67 68 69 7 73 74 75 76 78 8  
allnum:71

res_-1_-1_60_19.txt+res_-1_70_52_19.txt
balance:6  
1 10 11 12 13 15 16 17 18 19 2 20 21 22 23 24 25 28 29 3 30 31 32 33 34 35 36 37 38 39 4 40 41 42 44 45 46 47 48 49 5 50 51 52 54 55 56 57 58 59 6 60 61 62 63 64 65 66 67 68 69 7 73 74 75 76 78 8  
allnum:68

res_-1_30_2_0.txt+res_-1_70_52_19.txt
balance:6  
1 10 11 12 13 15 16 17 18 19 2 20 21 22 23 24 25 28 29 3 30 31 32 33 34 35 36 37 38 39 4 40 41 42 44 45 46 47 48 49 5 50 51 52 53 54 55 56 57 58 59 6 60 61 62 63 64 65 66 67 68 69 7 71 73 74 75 76 78 8  
allnum:70

res_-1_72_36_34.txt+res_-1_70_52_19.txt
balance:6  
10 11 12 14 15 18 19 2 20 21 22 23 24 25 26 28 29 3 30 34 35 36 37 38 39 4 40 41 42 44 45 46 47 48 49 5 50 51 52 53 54 55 56 57 59 6 60 61 62 63 64 65 66 67 68 69 7 71 73 74 75 76 78 79 8 80  
allnum:66

res_-1_47_34_17.txt+res_-1_70_52_19.txt
balance:6  
10 11 12 15 18 19 2 20 21 22 23 24 25 28 29 3 34 35 36 37 38 39 4 40 41 42 44 45 46 47 48 49 5 50 51 52 53 54 55 56 57 59 6 60 61 62 63 64 65 66 67 68 69 7 71 73 74 75 76 78 79 8 80  
allnum:63

res_-1_75_52_19.txt+res_-1_70_52_19.txt
balance:6  
1 10 11 12 13 14 15 16 17 18 19 2 20 21 22 23 24 25 26 27 28 29 3 30 31 32 33 34 35 36 37 38 39 4 40 41 42 44 45 46 47 48 49 5 50 51 52 53 54 55 56 57 58 59 6 60 61 62 63 64 65 66 67 68 69 7 71 73 74 75 76 78 80  
allnum:73

res_-1_30_29_0.txt+res_-1_70_52_19.txt
balance:6  
1 10 11 12 13 15 16 17 19 2 20 21 22 23 24 25 26 28 29 3 30 31 32 33 34 35 36 37 38 39 4 40 41 42 44 45 46 47 48 49 5 50 51 52 53 54 55 56 57 58 59 6 60 61 62 63 64 65 66 67 68 69 7 73 74 75 76 78 8  
allnum:69

res_-1_79_47_34.txt+res_-1_70_52_19.txt
balance:6  
10 11 12 14 15 16 17 18 19 2 20 21 22 23 24 25 26 27 28 29 3 34 35 36 37 38 39 4 40 41 42 44 45 46 47 48 49 5 50 51 52 53 54 55 56 57 59 6 60 61 62 63 64 65 66 67 68 69 7 70 71 73 74 75 76 78 8 80  
allnum:68

res_67_30_11_2.txt+res_-1_75_52_19.txt
balance:74  
1 10 12 13 14 15 16 17 18 19 2 20 21 22 23 24 25 26 27 28 29 3 30 31 32 33 34 35 36 37 38 39 4 40 41 42 44 45 46 47 48 49 5 50 51 52 53 54 55 56 57 58 59 6 60 61 62 63 64 65 66 67 68 69 7 71 73 74 75 76 78 80  
allnum:72

res_54_37_19_0.txt+res_-1_75_52_19.txt
balance:74  
1 10 12 13 14 15 16 17 18 19 2 20 21 22 23 24 25 26 27 28 29 3 30 31 32 33 34 35 36 37 38 39 4 40 41 42 43 44 45 46 47 48 49 5 50 51 52 53 54 55 56 57 58 59 6 60 61 62 63 64 65 66 67 68 69 7 71 73 74 75 76 78 8 80  
allnum:74

res_-1_75_37_19.txt+res_-1_75_52_19.txt
balance:74  
1 10 12 13 14 15 16 17 18 19 2 20 21 22 23 24 25 26 27 28 29 3 30 31 32 33 34 35 36 37 38 39 4 40 41 42 44 45 46 47 48 49 5 50 51 52 53 54 55 56 57 58 59 6 60 61 62 63 64 65 66 67 68 69 7 71 73 74 75 76 78 8 80  
allnum:73

res_-1_67_19_11.txt+res_-1_75_52_19.txt
balance:74  
1 10 12 13 14 15 16 17 18 19 2 20 21 22 23 24 25 26 27 28 29 3 30 31 32 33 34 35 36 37 38 39 4 40 41 42 44 45 46 47 48 49 5 50 51 52 53 54 55 56 57 58 59 6 60 61 62 63 64 65 66 67 68 69 7 71 73 74 75 76 78 80  
allnum:72

res_-1_52_11_6.txt+res_-1_75_52_19.txt
balance:74  
1 10 12 13 14 15 16 17 18 19 2 20 21 22 23 24 25 26 27 28 29 3 30 31 32 33 34 35 36 37 38 39 4 40 41 42 44 45 46 47 48 49 5 50 51 52 53 54 55 56 57 58 59 6 60 61 62 63 64 65 66 67 68 69 7 71 73 74 75 76 78 80  
allnum:72

res_-1_52_19_11.txt+res_-1_75_52_19.txt
balance:74  
1 10 12 13 14 15 16 17 18 19 2 20 21 22 23 24 25 26 27 28 29 3 30 31 32 33 34 35 36 37 38 39 4 40 41 42 44 45 46 47 48 49 5 50 51 52 53 54 55 56 57 58 59 6 60 61 62 63 64 65 66 67 68 69 7 71 73 74 75 76 78 80  
allnum:72

res_-1_37_19_0.txt+res_-1_75_52_19.txt
balance:74  
1 10 12 13 14 15 16 17 18 19 2 20 21 22 23 24 25 26 27 28 29 3 30 31 32 33 34 35 36 37 38 39 4 40 41 42 44 45 46 47 48 49 5 50 51 52 53 54 55 56 57 58 59 6 60 61 62 63 64 65 66 67 68 69 7 71 73 74 75 76 78 8 80  
allnum:73

res_-1_17_11_6.txt+res_72_64_50_0.txt
balance:43  
1 10 11 12 13 14 16 18 19 2 20 21 22 23 24 25 28 29 3 30 31 32 33 34 35 36 37 38 39 4 40 41 42 43 44 45 46 47 48 49 5 50 51 52 53 54 55 56 57 58 59 6 60 61 62 63 64 65 66 67 69 7 70 73 74 75 76 77 78 79 8 9  
allnum:72

res_-1_-1_45_19.txt+res_-1_-1_75_19.txt
balance:69  
1 10 11 12 13 14 15 16 17 19 2 20 21 22 23 24 28 29 3 30 31 32 33 34 35 36 37 38 39 4 40 41 42 44 45 46 47 48 49 5 50 51 53 54 55 56 57 58 59 6 60 61 62 63 64 65 66 69 7 73 74 75 76 78 8  
allnum:65

res_-1_-1_45_19.txt+res_-1_79_52_19.txt
balance:69  
1 10 12 14 15 16 19 2 20 21 22 23 24 25 26 28 29 3 30 33 34 35 36 37 38 39 4 40 41 42 44 45 46 47 48 49 5 50 51 52 53 54 55 56 57 58 59 6 60 61 62 63 64 65 66 67 68 69 7 71 73 74 75 76 78 8 80  
allnum:67

res_52_39_19_15.txt+res_-1_-1_43_19.txt
balance:64  
12 20 21 22 28 29 30 31 37 4 46 47 48 55 62 63 64 76  
allnum:18

res_-1_-1_45_19.txt+res_-1_47_43_36.txt
balance:66  
1 10 12 18 19 2 20 21 22 23 24 28 29 3 33 34 35 36 37 38 39 4 41 45 46 47 48 5 53 54 55 56 57 58 59 6 60 61 62 63 64 65 66 69 73 74 75 76  
allnum:48

res_-1_-1_75_19.txt+res_-1_47_43_36.txt
balance:66  
1 10 11 12 13 14 15 16 17 18 19 2 20 21 22 23 24 28 29 3 30 31 32 33 34 35 36 37 38 39 4 40 41 42 44 45 46 47 48 49 5 50 51 54 55 56 57 58 59 6 60 61 62 63 64 65 66 69 7 73 74 75 76 78 8  
allnum:65

res_57_30_15_14.txt+res_-1_36_34_25.txt
balance:63  
10 11 12 18 19 20 21 22 23 24 25 26 28 33 34 35 36 37 38 39 41 46 47 48 49 50 51 52 53 54 55 56 57 59 6 60 61 62 63 64 65 66 67 68 69 7 73 74 76 78 8  
allnum:51

res_-1_-1_43_6.txt+res_-1_36_34_25.txt
balance:63  
10 11 12 18 19 20 21 22 23 24 25 26 28 33 34 35 36 37 38 39 41 46 47 48 49 50 51 52 53 54 55 56 57 59 6 60 61 62 63 64 65 66 67 68 69 7 74 76 78 8  
allnum:50

res_-1_-1_43_19.txt+res_-1_36_34_25.txt
balance:63  
10 11 12 18 19 20 21 22 23 24 25 26 28 33 34 35 36 37 38 39 41 46 47 48 49 50 51 52 53 54 55 56 57 59 6 60 61 62 63 64 65 66 67 68 69 7 74 76 78 8  
allnum:50

res_-1_67_19_11.txt+res_-1_36_34_25.txt
balance:63  
10 11 12 18 19 20 21 22 23 24 25 26 33 34 35 36 37 38 39 41 46 47 48 49 50 51 52 53 54 55 56 57 59 6 60 61 62 63 64 65 66 67 68 69 7 73 74 76 78 8  
allnum:50

res_-1_57_15_4.txt+res_-1_36_34_25.txt
balance:63  
10 11 12 18 19 20 21 22 23 24 25 26 28 33 34 35 36 37 38 39 41 44 45 46 47 48 49 50 51 52 53 54 55 56 57 59 6 60 61 62 63 64 65 66 67 68 69 7 73 74 76 78 8  
allnum:53

res_-1_67_11_6.txt+res_-1_36_34_25.txt
balance:63  
10 11 12 14 18 19 20 21 22 23 24 25 26 31 32 33 34 35 36 37 38 39 40 41 46 47 48 49 50 51 52 53 54 55 56 57 58 59 6 60 61 62 63 64 65 66 67 68 69 7 73 74 76 78 8  
allnum:55

res_-1_52_11_6.txt+res_-1_36_34_25.txt
balance:63  
10 11 12 18 19 20 21 22 23 24 25 26 33 34 35 36 37 38 39 41 46 47 48 49 50 51 52 53 54 55 56 57 59 6 60 61 62 63 64 65 66 67 68 69 7 73 74 76 78 8  
allnum:50

res_-1_52_19_11.txt+res_-1_36_34_25.txt
balance:63  
10 11 12 18 19 20 21 22 23 24 25 26 33 34 35 36 37 38 39 41 46 47 48 49 50 51 52 53 54 55 56 57 59 6 60 61 62 63 64 65 66 67 68 69 7 73 74 76 78 8  
allnum:50

res_-1_62_47_41.txt+res_-1_36_34_25.txt
balance:63  
10 11 12 18 19 20 21 22 23 24 25 26 33 34 35 36 37 38 39 41 46 47 48 49 50 51 52 53 54 56 57 59 6 60 61 62 63 64 65 66 67 68 69 7 74 76 78 8  
allnum:48

res_-1_-1_19_2.txt+res_-1_75_52_19.txt
balance:32  
1 10 11 12 13 14 15 16 17 18 19 2 20 21 22 23 24 25 26 27 28 29 3 30 31 32 33 34 35 36 37 38 39 4 40 41 42 43 44 45 46 47 48 49 5 50 51 52 53 54 55 56 57 58 59 6 60 61 62 63 64 65 66 67 68 69 7 71 73 74 75 76 77 78 80  
allnum:75

res_-1_-1_6_2.txt+res_-1_75_52_19.txt
balance:32  
1 10 11 12 13 14 15 16 17 18 19 2 20 21 22 23 24 25 26 27 28 29 3 30 31 32 33 34 35 36 37 38 39 4 40 41 42 43 44 45 46 47 48 49 5 50 51 52 53 54 55 56 57 58 59 6 60 61 62 63 64 65 66 67 68 69 7 71 73 74 75 76 77 78 80  
allnum:75

res_-1_-1_32_30.txt+res_-1_32_15_6.txt
balance:11  
1 10 11 12 13 14 15 16 17 18 19 2 20 21 22 23 24 25 26 28 29 3 30 31 32 33 34 35 36 37 38 39 4 40 41 42 45 46 47 48 49 5 50 51 52 53 54 55 56 57 58 59 6 60 61 62 63 64 65 66 67 68 69 7 73 74 75 76 77 78 79 8 80  
allnum:73

res_-1_-1_32_30.txt+res_-1_32_19_15.txt
balance:11  
1 10 11 12 13 15 16 17 18 19 2 20 21 22 23 24 25 28 29 3 30 31 34 35 36 37 38 39 4 40 41 42 45 46 47 48 49 5 50 51 52 54 55 56 57 58 59 6 60 61 62 63 64 65 66 67 69 7 73 74 75 76 77 78 8 80  
allnum:66

res_-1_47_32_0.txt+res_-1_32_15_6.txt
balance:11  
1 10 11 12 13 14 15 16 17 18 19 2 20 21 22 23 24 25 26 28 29 3 30 31 32 33 34 35 36 37 38 39 4 40 41 42 45 46 47 48 49 5 50 51 52 53 54 55 56 57 58 59 6 60 61 62 63 64 65 66 67 68 69 7 73 74 75 76 77 78 79 8 80  
allnum:73

res_-1_47_32_0.txt+res_-1_32_19_15.txt
balance:11  
1 10 11 12 13 15 16 17 18 19 2 20 21 22 23 24 25 26 28 29 3 30 31 32 33 35 36 37 38 39 4 40 41 42 45 46 47 48 49 5 50 51 52 53 54 55 56 57 58 59 6 60 61 62 63 64 65 66 67 68 69 7 73 74 75 76 77 78 8 80  
allnum:70

res_-1_52_27_4.txt+res_-1_32_15_6.txt
balance:11  
0 1 10 11 12 13 14 15 16 17 18 19 2 20 21 22 23 24 25 26 28 29 3 30 31 32 33 34 35 36 37 38 39 4 40 41 42 44 45 46 47 48 49 5 50 51 52 53 54 55 56 57 58 59 6 60 61 62 63 64 65 66 67 68 69 7 71 73 74 75 76 77 78 79 8 80 9  
allnum:77

res_-1_52_27_4.txt+res_-1_32_19_15.txt
balance:11  
0 1 10 11 12 13 15 16 17 18 19 2 20 21 22 23 24 25 28 29 3 30 31 34 36 37 38 39 4 40 41 42 44 45 46 47 48 49 5 50 51 52 54 55 56 57 58 59 6 60 61 62 63 64 65 66 67 69 7 71 73 74 75 76 77 78 8 80 9  
allnum:69

res_-1_48_57_6.txt+res_-1_32_15_6.txt
balance:11  
1 10 11 12 13 14 15 16 17 18 19 2 20 21 22 23 24 25 26 28 29 3 30 31 32 33 34 35 36 37 38 39 4 40 41 42 45 46 47 48 49 5 50 51 52 53 54 55 56 57 58 59 6 60 61 62 63 64 65 66 67 68 69 7 73 74 75 76 77 78 79 8 80  
allnum:73

res_-1_48_57_6.txt+res_-1_32_19_15.txt
balance:11  
1 10 11 12 13 15 16 17 18 19 2 20 21 22 23 24 25 26 28 29 3 30 31 33 34 35 36 37 38 39 4 40 41 42 45 46 47 48 49 5 50 51 52 53 54 55 56 57 58 59 6 60 61 62 63 64 65 66 67 69 7 73 74 75 76 77 78 8 80  
allnum:69

res_-1_48_57_19.txt+res_-1_32_15_6.txt
balance:11  
1 10 11 12 13 14 15 16 17 18 19 2 20 21 22 23 24 25 26 28 29 3 30 31 32 33 34 35 36 37 38 39 4 40 41 42 45 46 47 48 49 5 50 51 52 53 54 55 56 57 58 59 6 60 61 62 63 64 65 66 67 68 69 7 73 74 75 76 77 78 79 8 80  
allnum:73

res_-1_48_57_19.txt+res_-1_32_19_15.txt
balance:11  
1 11 12 13 15 16 17 18 19 2 20 21 22 23 24 25 28 29 3 30 31 33 36 37 38 39 4 40 41 42 45 46 47 48 49 5 50 51 52 54 55 56 57 58 59 6 60 61 62 63 64 65 66 67 69 7 73 74 75 76 77 78 8 80  
allnum:64

