res_57_19_15_12.txt
balance:11  
1 2 3 4 5 6 11 12 19 20 21 22 23 26 28 29 30 31 32 33 34 37 38 39 41 44 45 46 47 48 49 50 51 52 53 54 55 56 57 59 60 61 62 63 64 65 66 69 71 73 74 76  
allnum:52

res_47_21_14_10.txt
balance:55  
4 5 6 7 8 10 12 16 18 19 20 22 23 24 25 26 34 35 36 37 38 39 41 48 49 50 51 52 53 54 55 56 57 59 61 62 63 64 65 66 67 68 69 71 76 78 80  
allnum:47

res_62_48_34_0.txt
balance:4 31  
4 6 7 8 10 12 19 20 21 22 23 24 25 26 29 30 31 34 35 36 37 38 39 40 41 44 45 46 47 48 49 50 51 52 53 54 55 56 57 59 60 61 62 63 64 65 66 67 68 69 71 73 74 76 78 80  
allnum:56

res_39_30_15_12.txt
balance:8 35  
8 21 22 23 24 33 34 35 37 46 47 48 49 50 56 59 60 61 62 63 64 66 69  
allnum:23

res_60_54_52_19.txt
balance:1  
1 2 3 4 5 6 7 8 10 12 14 15 16 17 18 19 20 21 23 24 25 26 27 28 29 30 34 35 36 37 38 39 40 41 42 45 46 47 48 49 50 51 52 53 54 55 56 57 59 60 61 62 63 64 65 66 67 68 69 73 74 75 78 80  
allnum:64

res_70_52_48_29.txt
balance:22 64  
20 21 22 64  
allnum:4

res_60_29_19_14.txt
balance:41  
3 4 5 12 19 21 23 24 25 36 37 38 39 40 41 44 45 46 47 48 49 50 51 52 54 55 56 57 61 62 63 64 65 66 67 80  
allnum:36

res_50_45_30_0.txt
balance:42 58  
6 10 12 14 18 19 20 21 22 23 24 25 26 31 32 33 34 35 36 37 38 39 40 41 42 46 47 48 49 50 51 52 53 54 55 56 57 58 59 60 61 62 63 64 65 66 67 68 69 74 76 78 80  
allnum:53

res_70_64_52_0.txt
balance:74  
12 29 38 39 49 54 69 74 76  
allnum:9

res_67_60_54_19.txt
balance:1  
1 2 3 4 5 6 7 8 10 11 12 13 14 15 16 17 18 19 20 21 22 23 24 25 26 27 28 29 30 34 35 36 37 38 39 40 41 42 43 45 46 47 48 49 50 51 52 53 54 55 56 57 59 60 61 62 63 64 65 66 67 68 69 71 73 74 75 78 80  
allnum:69

res_67_53_47_11.txt
balance:64  
64  
allnum:1

res_67_53_50_47.txt
balance:64  
23 48 49 50 64 65 78  
allnum:7

res_64_55_52_0.txt
balance:74  
12 18 19 20 29 36 38 39 49 54 57 61 62 63 65 66 69 74 76  
allnum:19

res_29_19_15_14.txt
balance:38  
3 4 5 19 21 38 39 41 44 45 46 47 48 56 57 62 63 64 74 76  
allnum:20

res_70_52_29_11.txt
balance:74  
21 22 23 24 29 36 37 38 39 46 47 48 49 50 54 56 61 62 63 64 65 66 74 76 78  
allnum:25

res_53_17_14_0.txt
balance:23 50  
23 34 48 49 50 56 57 59 60 61 76  
allnum:11

res_57_53_48_36.txt
balance:12 39  
12 21 22 23 24 37 38 39 46 47 48 56 64 65 66 71  
allnum:16

res_60_30_15_12.txt
balance:5 47 54 62  
3 4 5 6 7 8 10 16 18 19 20 22 23 24 25 26 34 35 36 37 47 48 49 50 51 52 54 56 57 59 60 61 62 64 66 68 69 78  
allnum:38

res_70_55_50_23.txt
balance:48  
4 6 20 21 22 23 24 26 29 30 31 32 33 34 46 47 48 51 52 53 56 59 60 61 64 65 66 74 76  
allnum:29

res_67_55_29_11.txt
balance:74  
21 22 23 24 38 39 46 47 48 54 64 65 66 74 78  
allnum:15

res_52_17_15_14.txt
balance:23  
16 20 21 22 23 25 34 41 42 43 48 49 50 51 52 59 60 61 62 64  
allnum:20

res_47_39_15_12.txt
balance:34  
10 22 23 24 25 26 34 35 36 37 47 48 49 50 51 52 54 56 57 59 60 61 62 64 66 68 69 76  
allnum:28

res_60_29_14_6.txt
balance:41  
3 4 5 6 7 8 10 12 19 21 22 23 24 25 30 34 35 36 37 38 39 40 41 44 45 46 47 48 49 50 51 52 54 55 56 57 59 60 61 62 63 64 65 66 67 78 80  
allnum:47

res_39_15_12_11.txt
balance:21  
21 22 23 24 34 36 37 46 47 48 49 50 56 59 60 61 62 63 64 65 66 78 80  
allnum:23

res_57_48_45_15.txt
balance:34 61  
21 22 23 24 34 46 47 48 56 57 59 60 61 64 66  
allnum:15

res_45_29_14_2.txt
balance:76  
76  
allnum:1

res_54_41_36_29.txt
balance:21 48  
21 46 47 48  
allnum:4

res_79_54_37_0.txt
balance:23 50  
23 48 49 50  
allnum:4

res_39_29_19_15.txt
balance:76  
16 20 21 22 23 24 25 28 34 36 37 41 46 47 48 49 50 51 52 53 54 55 56 57 59 60 61 62 63 64 65 66 67 68 76 78 79 80  
allnum:38

res_60_54_19_11.txt
balance:14 23  
3 4 5 8 14 16 21 23 25 34 39 40 41 46 47 48 49 50 51 52 53 54 56 57 59 60 61 62 64 65 78  
allnum:31

res_67_53_48_21.txt
balance:64  
10 18 19 20 23 24 25 34 35 36 37 48 49 50 51 52 57 59 60 61 62 64 65 76  
allnum:24

res_70_67_29_0.txt
balance:6 12 15 38 39 42 51 60 74 75 78  
2 3 4 5 6 12 15 18 19 20 21 22 23 24 28 29 34 36 37 38 39 40 41 42 44 45 46 47 48 49 50 51 54 55 56 60 62 63 64 65 66 69 73 74 75 76 78  
allnum:47

res_54_43_19_0.txt
balance:8  
3 4 5 6 8 10 11 12 14 16 19 20 21 22 23 24 25 26 28 29 30 31 32 33 34 36 37 38 39 40 41 42 43 44 45 46 47 48 49 50 51 52 53 54 55 56 57 59 60 61 62 63 64 65 66 67 68 69 71 73 74 76 78 80  
allnum:64

res_37_29_21_15.txt
balance:21  
12 21 22 23 24 34 37 38 39 46 47 48 49 50 54 56 57 59 60 61 65 66 69 78  
allnum:24

res_30_29_14_0.txt
balance:64  
21 34 46 47 48 57 59 60 61 64 65 76  
allnum:12

res_54_52_34_11.txt
balance:62  
62  
allnum:1

res_53_52_47_15.txt
balance:23 50  
23 48 49 50  
allnum:4

res_64_25_15_0.txt
balance:23 50  
14 20 21 22 23 38 39 40 41 48 49 50 56 57 63 64 65 66 74 78  
allnum:20

res_41_30_14_0.txt
balance:23 50  
23 48 49 50  
allnum:4

res_52_43_11_2.txt
balance:62  
4 6 14 29 30 31 32 33 34 39 40 41 56 59 60 61 62 64 65 66 76  
allnum:21

res_75_52_48_36.txt
balance:12  
10 12 18 19 20 21 22 23 24 34 35 36 37 38 39 40 46 47 48 49 50 56 57 59 60 61 62 63 64 65 66 67 69 76  
allnum:34

res_64_52_50_0.txt
balance:64 76  
3 19 20 21 28 29 30 44 45 46 61 62 64 75 76  
allnum:15

res_47_43_36_22.txt
balance:23 50 80  
6 8 10 14 23 26 31 32 33 34 35 36 37 38 39 40 41 48 49 50 51 52 53 57 61 62 63 64 65 66 67 68 74 76 78 80  
allnum:36

res_62_48_30_11.txt
balance:62  
12 16 19 20 21 22 23 24 37 38 39 40 44 45 46 47 48 49 50 54 55 56 61 62 64 65 66 67 74 78 80  
allnum:31

res_54_48_2_0.txt
balance:16 25 43 52  
4 6 14 16 23 25 29 30 31 32 33 34 39 40 41 42 43 48 49 50 51 52 56 57 59 60 61 64 65 66 76 78  
allnum:32

res_62_54_53_29.txt
balance:21 48  
21 46 47 48  
allnum:4

res_52_30_11_0.txt
balance:74  
12 16 21 37 38 39 46 47 48 74  
allnum:10

res_57_22_15_4.txt
balance:62  
62  
allnum:1

res_54_25_11_4.txt
balance:41  
4 14 19 20 21 22 23 28 29 30 31 37 39 40 41 44 45 46 47 48 49 50 54 56 57 61 62 63 64 65 69 73 74 76 78  
allnum:35

res_50_17_11_10.txt
balance:21 48  
18 19 20 21 46 47 48 56 61 62 64  
allnum:11

res_70_67_29_11.txt
balance:74  
14 21 22 23 24 38 39 40 41 46 47 48 54 64 65 66 74 78  
allnum:18

res_54_53_30_0.txt
balance:12  
12 20 21 22 23 24 37 38 39 46 47 48 49 50 51 52 54 55 56 63 64 65 66 78 80  
allnum:25

res_47_43_27_11.txt
balance:21 48 54  
21 37 46 47 48 54 62 63 64 80  
allnum:10

res_50_47_29_0.txt
balance:25 34 42 52 61  
11 12 13 15 20 21 22 25 29 34 38 41 42 50 51 52 54 56 57 59 60 61 63 64 65 66 71 74  
allnum:28

res_62_57_48_15.txt
balance:34 61  
34 59 60 61  
allnum:4

res_52_29_14_6.txt
balance:62  
21 46 47 48 57 62 74  
allnum:7

res_57_15_14_0.txt
balance:19 46  
19 44 45 46  
allnum:4

res_47_45_15_14.txt
balance:12 39  
4 5 6 7 8 10 12 16 18 19 20 21 22 23 24 25 26 35 36 37 38 39 41 46 47 48 49 50 51 52 53 54 56 57 59 62 63 64 65 66 67 68 69 76 78 80  
allnum:46

res_29_14_6_0.txt
balance:23  
3 4 5 16 19 21 23 25 29 34 39 40 41 44 45 46 47 48 49 50 51 52 56 57 59 60 61 62 64 74 76 78  
allnum:32

res_52_29_19_14.txt
balance:62  
21 46 47 48 57 62 74  
allnum:7

res_57_53_48_12.txt
balance:12 39  
12 21 22 23 24 25 34 36 37 38 39 40 46 47 48 49 50 54 55 56 57 59 60 61 65 66 67 69 76 80  
allnum:30

res_75_57_15_14.txt
balance:19  
4 19 21 26 29 30 31 32 34 40 44 45 46 47 48 51 52 53 56 57 58 59 60 61 62 63 65 66 67 76  
allnum:30

res_67_57_43_11.txt
balance:62  
4 5 6 12 16 20 21 22 23 24 25 37 38 39 46 47 48 49 50 51 52 54 55 57 62 63 64 65 66 74 76 80  
allnum:32

res_60_34_14_0.txt
balance:12 39  
4 5 6 7 8 10 12 16 17 18 19 20 21 22 23 24 25 26 34 35 36 37 38 39 40 46 47 48 49 50 51 52 53 54 55 56 57 59 60 61 62 65 66 67 68 76 78 80  
allnum:48

res_60_48_19_14.txt
balance:62  
62  
allnum:1

res_70_67_64_0.txt
balance:74  
12 29 38 39 49 54 69 74 76  
allnum:9

res_60_41_19_11.txt
balance:32 68  
1 2 3 4 5 6 12 16 18 19 20 21 22 23 24 25 28 29 30 32 33 34 35 36 37 38 39 40 41 42 44 45 46 47 48 49 50 51 52 54 55 56 57 58 59 60 61 62 63 64 65 66 67 68 69 73 74 75 76 78 79 80  
allnum:62

res_30_15_14_0.txt
balance:46  
4 5 6 7 8 10 18 19 20 23 24 25 26 34 35 36 37 40 46 48 49 50 51 52 53 54 55 56 57 59 60 61 62 63 64 65 66 67 69 78 80  
allnum:41

res_70_52_19_14.txt
balance:62  
62 64 76  
allnum:3

res_37_15_11_4.txt
balance:62  
62  
allnum:1

res_32_29_14_0.txt
balance:76  
1 2 3 4 5 19 21 41 44 45 46 47 48 54 56 57 62 64 65 74 76  
allnum:21

res_70_67_48_29.txt
balance:22 64  
20 21 22 64  
allnum:4

res_62_52_48_36.txt
balance:36 63  
12 21 36 37 38 39 46 47 48 61 62 63 64 65 66  
allnum:15

res_70_55_41_23.txt
balance:21 48  
21 46 47 48  
allnum:4

res_30_15_11_2.txt
balance:46 76  
46 76  
allnum:2

res_67_47_30_0.txt
balance:67  
4 5 6 7 8 10 11 12 13 14 16 18 19 20 21 22 23 24 25 26 27 28 29 30 31 34 35 36 37 38 39 40 41 44 45 46 47 48 49 50 51 52 53 54 55 56 57 59 60 61 62 63 64 65 66 67 68 69 71 73 74 76 78 80  
allnum:64

res_60_57_14_2.txt
balance:19 46  
19 44 45 46  
allnum:4

res_67_29_11_0.txt
balance:62  
62  
allnum:1

res_67_55_48_2.txt
balance:22 64  
10 12 18 19 20 21 22 23 34 35 36 37 38 39 40 48 49 50 54 55 57 59 60 61 62 63 64 65 66 67 80  
allnum:31

res_45_34_29_14.txt
balance:62  
21 22 23 24 34 36 46 47 48 59 60 61 62 65 66 78  
allnum:16

res_47_25_14_0.txt
balance:10 25 37  
6 7 8 10 23 24 25 26 35 36 37 48 49 50 51 52 53 59  
allnum:18

res_64_52_25_0.txt
balance:59 76  
20 21 22 23 24 46 47 48 49 50 54 57 59 64 66 69 76  
allnum:17

res_48_47_41_15.txt
balance:23 50  
23 48 49 50 65 76 78  
allnum:7

res_62_48_11_0.txt
balance:62  
62  
allnum:1

res_36_25_14_0.txt
balance:34  
6 7 8 21 22 23 24 34 36 46 47 48 50 57 59 60 61 62 63 65 66 76  
allnum:22

res_70_52_48_2.txt
balance:64  
20 21 22 23 24 38 46 47 48 49 50 56 64 66  
allnum:14

res_29_15_14_2.txt
balance:76  
76  
allnum:1

res_41_30_15_12.txt
balance:61  
8 16 18 19 20 33 34 35 49 56 59 60 61  
allnum:13

res_50_15_11_4.txt
balance:41  
4 10 11 12 13 16 19 20 21 22 29 30 31 38 41 44 45 46 47 48 54 55 56 61 62 63 64 65 71 74 76  
allnum:31

res_50_47_29_11.txt
balance:62  
11 12 13 20 21 22 29 38 54 56 62 63 64 65 74  
allnum:15

res_62_53_27_11.txt
balance:54  
12 16 18 19 20 21 22 23 24 25 26 34 36 37 38 39 46 47 48 49 50 54 56 57 59 60 61 62 63 64 65 66 68 76 78 80  
allnum:36

res_67_55_48_29.txt
balance:22 64  
20 21 22 64  
allnum:4

res_29_19_14_0.txt
balance:23  
3 4 5 16 19 21 23 25 29 34 39 40 41 44 45 46 47 48 49 50 51 52 56 57 59 60 61 62 64 74 76 78  
allnum:32

res_70_52_29_0.txt
balance:6 12 15 38 39 42 51 60 74 75 78  
2 3 4 5 6 12 15 18 19 20 21 22 23 24 28 29 34 36 37 38 39 40 41 42 44 45 46 47 48 49 50 51 54 55 56 60 62 63 64 65 66 69 73 74 75 76 78  
allnum:47

res_39_30_14_12.txt
balance:21 48  
21 46 47 48  
allnum:4

res_67_62_53_50.txt
balance:64  
64  
allnum:1

res_54_37_19_0.txt
balance:1 8  
1 2 3 4 5 6 8 15 16 17 18 19 20 21 22 23 24 25 26 27 28 29 30 31 34 35 36 37 38 40 41 42 43 45 46 47 48 49 50 51 52 53 54 55 56 57 59 60 61 62 63 64 65 66 68 69 71 73 74 75 76 78  
allnum:62

res_47_19_15_12.txt
balance:61  
6 16 20 21 22 26 31 32 33 38 39 49 51 52 53 56 57 59 60 61 62 63 64 65 66 74  
allnum:26

res_48_47_45_11.txt
balance:62  
10 12 16 19 20 21 22 23 24 35 36 37 38 39 44 45 46 47 48 49 50 54 56 61 62 64 65 66 74 78 80  
allnum:31

res_30_14_2_0.txt
balance:46 64  
1 2 3 18 19 20 22 23 24 34 36 41 45 46 47 48 49 50 54 56 57 59 61 62 63 64 66 78  
allnum:28

res_53_34_30_15.txt
balance:12 39  
6 7 8 10 12 18 19 20 21 22 23 24 35 36 37 38 39 41 48 49 50 54 56 57 59 61 62 64 65 66 67 68 76 78  
allnum:34

res_62_29_15_12.txt
balance:62  
62  
allnum:1

res_60_57_15_14.txt
balance:19  
19 21 22 23 24 34 44 45 46 47 48 56 57 59 60 61 65 66  
allnum:18

res_64_50_37_0.txt
balance:64 76  
3 19 20 21 28 29 30 61 62 64 75 76  
allnum:12

res_67_30_11_0.txt
balance:74  
6 12 14 16 21 23 31 32 33 37 38 39 40 41 46 47 48 49 50 57 64 65 66 74 76  
allnum:25

res_70_52_11_2.txt
balance:74  
12 16 20 21 22 23 24 29 36 37 38 39 46 47 48 49 50 56 61 62 63 64 66 74 78  
allnum:25

res_64_55_36_0.txt
balance:23 26 38 50 53 65  
23 26 36 37 38 48 49 50 51 52 53 61 62 63 64 65  
allnum:16

res_55_52_48_29.txt
balance:22 64  
20 21 22 64  
allnum:4

res_52_39_19_15.txt
balance:48  
4 20 21 22 29 30 31 46 47 48 62 64  
allnum:12

res_57_48_19_14.txt
balance:62  
62  
allnum:1

res_62_50_29_11.txt
balance:62  
11 12 13 20 21 22 29 38 54 56 62 63 64 65 74  
allnum:15

res_67_54_34_11.txt
balance:62  
62  
allnum:1

res_57_48_14_6.txt
balance:62  
22 23 24 34 48 49 50 59 60 61 62 65 66  
allnum:13

res_52_29_19_15.txt
balance:64 76  
16 25 34 46 50 51 52 59 60 61 62 64 76  
allnum:13

res_39_34_14_2.txt
balance:62  
4 14 20 21 22 23 24 26 29 30 31 34 38 39 40 41 48 49 50 51 52 53 56 57 59 60 61 62 63 64 65 66 74 76  
allnum:34

res_53_48_41_12.txt
balance:65  
12 18 19 20 21 23 34 36 37 38 39 46 47 48 49 50 56 57 61 62 63 64 65  
allnum:23

res_54_48_17_0.txt
balance:16 25 43 52  
16 23 25 34 41 42 43 48 49 50 51 52 56 59 60 61 78  
allnum:17

res_53_47_27_11.txt
balance:54  
12 16 20 21 22 23 24 26 37 38 39 46 47 48 54 56 62 63 64 66 78 80  
allnum:22

res_48_47_11_0.txt
balance:62  
62  
allnum:1

res_55_52_29_11.txt
balance:74  
20 21 22 23 24 39 46 47 48 54 56 64 65 66 74 78  
allnum:16

res_62_30_11_0.txt
balance:34 40 52 79  
1 2 3 4 5 6 10 12 16 18 19 20 21 22 23 24 28 29 30 33 34 37 38 39 40 44 45 46 47 48 49 52 54 55 56 57 58 59 60 61 62 63 64 65 66 69 73 74 76 78 79 80  
allnum:52

res_54_50_30_0.txt
balance:16 25 43 52  
6 14 16 20 21 22 23 24 25 31 32 33 34 39 40 41 42 43 46 47 48 50 51 52 54 57 58 59 60 61 62 64 65 66 67 76 78  
allnum:37

res_55_48_2_0.txt
balance:16 25 43  
3 4 5 6 16 19 20 21 22 23 25 26 29 30 31 32 33 34 39 41 42 43 44 45 46 47 48 49 50 51 52 53 56 59 60 61 62 64 65 66 74 76 78  
allnum:43

res_34_25_14_2.txt
balance:55  
4 6 16 17 18 20 21 22 23 26 29 30 31 32 33 34 38 39 40 41 48 49 50 51 52 53 54 55 56 57 58 59 60 61 63 64 65 66 67 68 73 74 76 78 80  
allnum:45

res_55_50_30_0.txt
balance:43  
3 4 5 8 11 12 13 16 18 19 20 21 22 23 24 25 26 29 33 34 35 37 38 39 41 42 43 46 47 48 49 50 51 52 53 54 55 56 57 59 60 61 62 63 64 65 66 68 69 74 76 78 80  
allnum:53

res_67_64_55_0.txt
balance:74  
12 18 19 20 29 36 38 39 49 54 57 61 62 63 65 66 69 74 76  
allnum:19

res_39_29_19_14.txt
balance:62  
62  
allnum:1

res_75_29_19_14.txt
balance:41  
3 4 5 10 12 21 23 24 25 35 36 37 38 39 40 41 46 47 48 49 50 51 52 54 55 56 57 61 62 63 65 66 67 76 80  
allnum:35

res_50_36_29_0.txt
balance:29 38 65 74  
11 12 13 20 21 22 29 38 46 47 48 54 56 57 62 63 64 65 74  
allnum:19

res_72_62_14_0.txt
balance:59  
8 10 16 18 19 20 21 22 23 24 25 30 33 34 35 36 37 40 46 47 48 49 50 54 55 56 57 59 61 62 63 65 66 67 71 74 76  
allnum:37

res_57_48_19_15.txt
balance:62  
62  
allnum:1

res_64_43_29_11.txt
balance:62  
20 21 22 23 24 38 46 47 48 49 50 54 56 62 64 66  
allnum:16

res_55_52_29_0.txt
balance:6 12 15 22 24 38 39 42 51 60 65 69 74 75 78  
2 3 4 5 6 12 15 19 20 21 22 24 28 29 37 38 39 40 41 42 44 45 46 47 48 49 50 51 54 55 56 57 60 62 63 64 65 69 73 74 75 78  
allnum:42

res_34_29_14_2.txt
balance:62  
4 5 6 19 44 45 46 48 56 57 62 64 65 74  
allnum:14

res_67_55_29_0.txt
balance:6 12 15 22 24 38 39 42 51 60 65 69 74 75 78  
2 3 4 5 6 12 15 19 20 21 22 24 28 29 37 38 39 40 41 42 44 45 46 47 48 49 50 51 54 55 56 57 60 62 63 64 65 69 73 74 75 78  
allnum:42

res_47_45_34_15.txt
balance:28  
4 5 6 7 8 10 12 16 17 18 19 20 22 23 24 25 26 27 28 30 35 36 37 38 39 47 48 49 50 51 52 53 54 55 56 57 59 60 61 62 63 64 65 66 69 76 78 80  
allnum:48

res_79_54_50_15.txt
balance:21  
12 21 23 24 25 26 34 36 37 38 39 46 47 48 49 50 56 57 59 60 61 62 63 64 65 68 78  
allnum:27

res_55_48_36_2.txt
balance:10 38  
10 18 19 20 21 22 23 24 26 34 35 36 37 38 46 47 48 49 50 51 52 53 56 57 59 60 61 62 63 64 65 66 78  
allnum:33

res_54_52_19_0.txt
balance:1 8 52  
1 2 3 4 5 6 8 12 14 15 17 18 19 20 21 22 23 24 26 27 28 29 30 31 32 35 37 38 39 40 41 42 45 46 47 48 49 50 51 52 53 54 55 56 57 58 59 60 61 62 63 64 65 66 69 71 73 74 75 76 78  
allnum:61

res_52_29_22_19.txt
balance:61  
61  
allnum:1

res_57_30_15_12.txt
balance:11  
11  
allnum:1

res_67_30_15_2.txt
balance:19 46  
6 7 8 10 19 23 24 25 26 34 35 36 37 44 45 46 48 49 50 51 52 53 57 59 60 61 62 63 78  
allnum:29

res_72_57_15_11.txt
balance:19 46  
19 44 45 46  
allnum:4

res_64_50_41_0.txt
balance:62  
4 6 14 20 21 22 23 24 26 29 30 31 32 33 34 39 40 41 48 49 50 51 52 53 57 59 60 61 62 64 65 66 67 76 78  
allnum:35

res_62_54_50_29.txt
balance:54  
21 40 46 47 48 54  
allnum:6

res_70_67_19_14.txt
balance:62  
62 64 76  
allnum:3

res_67_55_11_2.txt
balance:74  
12 16 21 36 37 38 39 46 47 48 49 64 74 78  
allnum:14

res_62_34_14_0.txt
balance:24  
10 18 19 20 21 22 23 24 30 34 35 36 37 40 45 48 49 50 54 55 56 62 64 65 66 67 80  
allnum:27

res_-1_-1_19_0.txt
balance:8 13 17 24 32 35 42 51 75  
1 2 3 4 5 6 7 8 11 12 13 15 16 17 19 20 21 22 24 28 29 30 31 32 33 35 37 38 39 40 41 42 44 45 46 47 48 49 50 51 53 54 55 56 58 59 60 61 62 63 64 65 66 69 73 74 75 76 78  
allnum:59

res_-1_-1_55_8.txt
balance:23 50  
12 20 21 22 23 37 38 39 46 47 48 49 50 56 64 65  
allnum:16

res_-1_-1_60_23.txt
balance:34 61  
34 59 60 61  
allnum:4

res_-1_-1_79_34.txt
balance:57 69  
10 12 18 19 20 23 24 25 26 34 35 36 37 38 39 40 48 49 50 51 52 53 54 56 57 59 60 61 62 63 64 65 66 67 69 76 78 80  
allnum:38

res_-1_-1_60_34.txt
balance:23 50  
10 18 19 20 23 26 35 36 37 48 49 50 51 52 53 56 57 62 64 65  
allnum:20

res_-1_-1_62_29.txt
balance:21 48  
21 46 47 48  
allnum:4

res_-1_-1_45_34.txt
balance:76  
10 18 19 20 23 26 35 36 37 48 49 50 51 52 53 56 57 62 65 76  
allnum:20

res_-1_-1_39_19.txt
balance:64  
46 62 64 76  
allnum:4

res_-1_-1_19_11.txt
balance:61 74  
61 74  
allnum:2

res_-1_-1_75_12.txt
balance:59  
22 23 24 34 48 49 50 56 57 59 61 62 63 65 66 76  
allnum:16

res_-1_-1_48_19.txt
balance:62  
62  
allnum:1

res_-1_-1_52_19.txt
balance:64  
46 62 64 76  
allnum:4

res_-1_-1_29_4.txt
balance:15  
1 2 3 4 5 6 7 10 11 12 13 15 16 18 19 20 21 22 23 24 27 28 29 30 31 33 34 35 37 38 39 40 41 42 43 44 45 46 47 48 49 50 51 52 53 54 55 56 57 58 59 60 61 62 63 64 65 66 67 69 70 71 73 74 75 76 78 79  
allnum:68

res_-1_-1_11_6.txt
balance:61 74  
61 74  
allnum:2

res_-1_-1_6_0.txt
balance:8 13 17 24 32 35 42 51 75  
1 2 3 4 5 6 7 8 11 12 13 15 16 17 19 20 21 22 24 28 29 30 31 32 33 35 37 38 39 40 41 42 44 45 46 47 48 49 50 51 53 54 55 56 58 59 60 61 62 63 64 65 66 69 73 74 75 76 78  
allnum:59

res_-1_-1_62_30.txt
balance:76  
10 18 19 20 21 22 23 24 34 35 36 37 46 47 48 49 50 56 59 60 61 62 64 65 66 69 76  
allnum:27

res_-1_-1_62_4.txt
balance:15  
1 2 3 4 5 6 7 10 11 12 13 15 16 18 19 20 21 22 23 24 27 28 29 30 31 33 34 35 37 38 39 40 41 42 43 44 45 46 47 48 49 50 51 52 53 54 55 56 57 58 59 60 61 62 63 64 65 66 67 69 70 71 73 74 75 76 77 78 79  
allnum:69

res_-1_-1_75_19.txt
balance:8 13 17 24 32 42 51 75  
1 2 3 4 5 6 7 8 10 11 12 13 14 15 16 17 19 20 21 22 23 24 28 29 30 31 32 33 34 35 36 37 38 39 40 41 42 44 45 46 47 48 49 50 51 54 55 56 57 58 59 60 61 62 63 64 65 66 69 73 74 75 76 78  
allnum:64

res_-1_-1_75_6.txt
balance:8 13 17 32 42 75  
1 2 3 4 5 6 7 8 10 11 12 13 14 15 16 17 18 19 20 21 22 23 24 25 26 28 29 30 31 32 33 34 35 36 37 38 39 40 41 42 44 45 46 47 48 49 50 51 52 53 54 55 56 57 58 59 60 61 62 63 64 65 66 67 68 69 73 74 75 76 78  
allnum:71

res_-1_-1_60_19.txt
balance:8 13 17 24 32 42 51  
1 2 3 4 5 6 7 8 10 11 12 13 15 16 17 18 19 20 21 22 24 28 29 30 31 32 33 34 35 36 37 38 39 40 41 42 44 45 46 47 48 49 50 51 54 55 56 57 58 59 60 61 62 63 64 65 66 69 73 74 75 76 78  
allnum:63

res_-1_-1_60_6.txt
balance:13 17 32 42  
1 2 3 4 5 6 7 8 10 11 12 13 14 15 16 17 18 19 20 21 22 23 24 25 26 28 29 30 31 32 33 34 35 36 37 38 39 40 41 42 44 45 46 47 48 49 50 51 52 53 54 55 56 57 58 59 60 61 62 63 64 65 66 67 68 69 73 74 75 76 78 80  
allnum:72

res_-1_-1_29_17.txt
balance:21 48  
21 46 47 48  
allnum:4

res_-1_-1_30_17.txt
balance:76  
4 5 6 10 18 19 20 22 23 24 25 34 35 36 37 48 49 50 51 52 56 57 59 60 61 62 63 64 66 69 76  
allnum:31

res_-1_-1_30_2.txt
balance:76  
22 23 24 34 37 56 57 59 60 61 62 63 64 66 76  
allnum:15

res_-1_-1_70_19.txt
balance:62  
3 4 5 12 21 22 23 24 30 37 38 39 41 46 47 48 54 55 56 57 62 64 65 66 74 76  
allnum:26

res_-1_-1_79_47.txt
balance:76  
23 48 49 50 54 56 76 78  
allnum:8

res_-1_-1_23_10.txt
balance:34 61  
21 34 46 47 48 56 57 59 60 61 64 65  
allnum:12

res_-1_-1_48_6.txt
balance:62  
62  
allnum:1

res_-1_-1_67_6.txt
balance:64  
12 46 62 64 76  
allnum:5

res_-1_-1_25_23.txt
balance:34 61  
21 34 46 47 48 56 57 59 60 61 64 65  
allnum:12

res_-1_-1_75_23.txt
balance:34 61  
34 59 60 61  
allnum:4

res_-1_-1_11_4.txt
balance:3 12 30 75  
3 10 12 18 19 20 21 22 28 29 30 37 39 44 45 46 47 48 52 54 55 56 57 61 62 63 64 65 66 69 71 73 74 75 76  
allnum:35

res_-1_-1_67_19.txt
balance:64  
12 46 62 64 76  
allnum:5

res_-1_-1_-1_19.txt
balance:76  
76  
allnum:1

res_-1_-1_-1_6.txt
balance:76  
76  
allnum:1

res_-1_62_32_15.txt
balance:21  
21 22 23 24 46 47 48 49 50 54 56 57 65 66 69 78 80  
allnum:17

res_-1_67_30_0.txt
balance:76  
21 34 37 46 47 48 49 57 59 60 61 62 63 64 76  
allnum:15

res_-1_29_19_0.txt
balance:15  
1 2 3 4 5 6 10 12 15 19 21 24 25 26 28 29 30 32 33 34 35 36 37 38 39 40 41 42 44 45 46 47 48 49 50 51 54 55 56 57 58 59 60 61 62 63 64 65 66 68 69 71 73 74 75 76 78  
allnum:57

res_-1_55_11_6.txt
balance:61  
3 4 5 12 21 22 23 24 36 37 38 39 41 46 47 48 49 50 54 56 61 64 65 66 74 76  
allnum:26

res_-1_52_19_0.txt
balance:53  
1 2 3 4 5 6 7 8 12 13 15 16 17 18 19 20 21 22 24 25 26 27 28 29 30 31 32 34 35 37 38 39 40 41 42 44 45 46 47 48 49 50 51 52 53 54 55 56 57 58 59 60 61 62 63 64 65 66 67 68 69 71 73 74 75 76 78  
allnum:67

res_-1_48_75_30.txt
balance:22  
6 7 8 10 12 18 19 20 21 22 23 24 25 26 28 34 35 36 37 38 39 41 46 47 48 49 50 51 52 53 54 55 56 57 59 60 61 62 63 64 65 66 67 68 76 78 79  
allnum:47

res_-1_30_2_0.txt
balance:8 13 17 32 42 51 75  
1 2 3 4 5 6 7 8 10 11 12 13 15 16 17 18 19 20 21 22 23 24 28 29 30 31 32 33 34 35 36 37 38 39 40 41 42 44 45 46 47 48 49 50 51 53 54 55 56 57 58 59 60 61 62 63 64 65 66 69 71 73 74 75 76 78  
allnum:66

res_-1_48_36_10.txt
balance:34  
18 19 20 21 22 23 24 34 36 46 47 48 56 57 59 60 61 62 63 65 66 76  
allnum:22

res_-1_57_50_17.txt
balance:41  
41  
allnum:1

res_-1_32_29_15.txt
balance:21 48  
21 46 47 48  
allnum:4

res_-1_34_30_20.txt
balance:71  
10 12 14 18 19 20 21 22 23 24 35 36 37 38 39 40 41 48 49 50 51 52 54 55 56 57 58 59 62 63 64 65 66 67 69 71 78 80  
allnum:38

res_-1_60_19_11.txt
balance:40  
1 2 3 4 5 6 12 16 19 20 21 22 23 25 28 29 30 33 34 36 37 38 39 40 41 45 46 47 48 49 50 51 52 54 55 56 58 59 60 61 62 63 64 65 66 69 73 74 75 76 78  
allnum:51

res_-1_29_14_4.txt
balance:76  
4 5 6 13 19 21 28 37 44 45 46 47 48 54 56 61 62 63 64 65 69 73 74 76  
allnum:24

res_-1_60_19_14.txt
balance:64  
64  
allnum:1

res_-1_25_23_15.txt
balance:34 61  
21 22 23 24 34 46 47 48 56 57 59 60 61 64 66  
allnum:15

res_-1_72_36_34.txt
balance:8  
4 5 6 7 8 10 11 12 14 18 19 20 21 22 23 24 25 26 28 29 30 34 35 36 37 38 39 40 41 46 47 48 49 50 51 52 53 54 55 56 57 59 60 61 62 63 64 65 66 67 68 69 71 74 76 78 79 80  
allnum:58

res_-1_22_4_0.txt
balance:19 46  
6 14 19 20 21 22 23 24 31 32 33 39 40 41 44 45 46 56 57 58 59 64 65 66 78  
allnum:25

res_-1_47_43_23.txt
balance:80  
8 10 22 23 24 25 26 33 34 35 36 37 48 49 50 51 52 53 56 61 62 63 64 65 66 76 78 80  
allnum:28

res_-1_32_15_0.txt
balance:23 50  
21 23 46 47 48 49 50 76  
allnum:8

res_-1_67_55_19.txt
balance:61  
2 3 4 5 6 12 15 19 21 22 23 24 28 29 37 38 39 40 41 42 44 45 46 47 48 49 50 51 54 55 56 57 59 60 61 62 63 64 65 66 68 69 73 74 75 76 78  
allnum:47

res_-1_70_19_11.txt
balance:59  
3 4 5 30 39 41 47 54 55 56 57 59 64 65 66 74 76  
allnum:17

res_-1_30_11_2.txt
balance:61 74  
18 19 20 21 22 23 24 46 47 48 56 61 62 64 66 74 76  
allnum:17

res_-1_55_36_8.txt
balance:10  
4 5 6 7 8 10 12 14 16 18 19 20 21 22 23 24 25 26 27 28 29 33 34 35 36 37 38 39 40 41 46 47 48 49 50 51 52 53 54 55 56 57 58 59 60 61 62 63 64 65 66 67 68 69 70 71 76 78 79 80  
allnum:60

res_-1_79_2_0.txt
balance:5  
3 4 5 6 7 8 10 12 18 19 20 21 22 23 24 25 26 27 28 29 34 35 36 37 38 39 41 44 45 46 47 48 49 50 51 52 53 54 55 56 59 60 61 62 63 64 65 66 67 68 69 70 73 76 78 79 80  
allnum:57

res_-1_50_45_0.txt
balance:41  
10 18 19 20 23 34 35 36 37 38 41 48 49 50 56 57 59 60 61 62 63 65 76 78  
allnum:24

res_-1_47_25_23.txt
balance:27 29 63  
6 7 8 10 11 18 19 20 21 22 23 24 25 26 27 29 33 34 35 36 37 38 40 46 47 48 49 50 51 52 53 54 55 56 57 59 60 61 62 63 64 65 66 67 76 78 80  
allnum:47

res_-1_55_17_0.txt
balance:5 41  
3 4 5 6 7 8 19 21 22 23 24 36 41 44 45 46 47 48 49 50 56 59 61 62 63 66 74  
allnum:27

res_-1_67_70_45.txt
balance:16  
6 7 8 10 12 14 16 21 22 23 24 25 26 29 34 35 36 37 38 39 40 41 46 47 48 49 50 51 52 53 54 55 56 57 59 60 61 62 63 64 65 66 67 69 76 78 80  
allnum:47

res_-1_50_47_17.txt
balance:29 74  
6 7 8 10 11 12 13 16 17 18 19 20 21 22 23 24 25 26 29 34 35 36 37 38 41 43 44 46 47 48 49 50 51 52 53 54 59 60 61 62 63 64 65 66 68 71 74 76  
allnum:48

res_-1_64_60_0.txt
balance:24 29 66  
18 19 20 21 22 23 24 29 34 37 46 47 48 49 50 54 56 57 59 60 61 62 63 64 65 66 76 79  
allnum:28

res_-1_57_19_15.txt
balance:62  
62  
allnum:1

res_-1_19_17_14.txt
balance:64  
19 44 45 46 62 64 76  
allnum:7

res_-1_79_43_29.txt
balance:10  
4 5 6 10 12 18 19 20 21 22 23 24 25 26 29 34 35 36 37 38 39 40 41 46 47 48 49 50 51 52 54 55 56 57 59 60 61 62 63 64 65 66 67 68 69 70 71 74 76 78 80  
allnum:51

res_-1_72_19_15.txt
balance:62  
12 21 22 23 24 28 37 38 39 41 46 47 48 49 50 53 54 55 56 59 62 63 64 65 66 67 68 69 70 76 78 79 80  
allnum:33

res_-1_19_11_0.txt
balance:34 40 49  
1 2 3 4 5 6 10 12 19 20 21 28 29 30 33 34 37 38 39 40 41 45 46 47 48 49 52 54 55 56 58 59 60 61 62 63 64 65 66 69 73 74 75 76 78  
allnum:45

res_-1_47_39_25.txt
balance:32 41  
4 5 6 7 8 10 12 13 16 18 19 20 21 22 23 24 25 31 32 35 36 37 38 39 40 41 46 47 48 49 50 51 52 54 55 56 57 58 59 60 61 62 63 64 65 66 67 69 74 76 78 80  
allnum:52

res_-1_55_52_45.txt
balance:16  
6 7 8 12 16 18 19 20 21 22 23 24 25 26 34 36 37 38 39 40 46 47 48 49 50 51 52 53 54 55 56 57 59 60 61 62 63 64 65 66 67 78 80  
allnum:43

res_-1_37_4_2.txt
balance:26  
2 3 4 5 6 10 11 12 13 16 18 19 20 21 22 23 24 25 26 28 29 30 31 33 34 35 36 37 38 39 40 41 42 44 45 46 47 48 49 50 51 52 53 54 55 56 57 58 59 60 61 62 63 64 65 66 69 71 73 74 76 78 80  
allnum:63

res_-1_67_70_34.txt
balance:22  
12 16 20 21 22 23 34 37 38 39 48 49 50 54 55 56 57 59 60 61 64 65 69 74 78  
allnum:25

res_-1_55_36_17.txt
balance:38  
6 7 8 18 19 20 21 22 23 24 26 28 34 36 37 38 46 47 48 49 50 51 52 53 54 55 56 57 59 60 61 62 63 64 65 66 69 70 76 78 79 80  
allnum:42

res_-1_41_32_11.txt
balance:62  
62  
allnum:1

res_-1_47_43_36.txt
balance:20 62  
18 19 20 22 23 24 56 62 64 65 66 76  
allnum:12

res_-1_21_19_0.txt
balance:28 73  
3 4 5 6 8 12 13 14 16 18 19 20 21 22 23 24 25 26 27 28 31 32 33 34 35 36 37 38 39 40 41 46 47 48 49 50 51 52 53 54 55 56 57 59 60 61 62 63 64 65 66 67 68 69 73 76 78 80  
allnum:58

res_-1_75_19_14.txt
balance:76  
76  
allnum:1

res_-1_70_60_52.txt
balance:16  
12 16 20 21 22 23 24 29 34 36 37 38 39 40 46 47 48 49 50 54 55 56 57 59 60 61 62 63 64 65 66 67 69 76 78 80  
allnum:36

res_-1_12_2_0.txt
balance:78  
6 7 8 23 34 36 48 49 50 56 59 61 62 63 69 78  
allnum:16

res_-1_64_43_0.txt
balance:62  
62  
allnum:1

res_-1_79_47_0.txt
balance:68  
6 7 8 10 12 18 19 20 21 22 23 24 25 26 29 34 35 36 37 38 39 46 47 48 49 50 51 52 53 54 56 57 59 60 61 62 63 64 65 66 68 69 76 78  
allnum:44

res_-1_25_11_4.txt
balance:31  
3 4 5 10 12 13 18 19 20 21 22 28 29 30 31 36 37 38 40 44 45 46 47 48 54 55 56 57 61 62 63 64 65 69 71 73 74 75 76  
allnum:39

res_-1_70_11_6.txt
balance:59  
3 4 5 12 21 22 23 24 30 36 37 38 39 41 46 47 48 49 50 54 55 56 57 59 61 62 63 64 65 66 74 76  
allnum:32

res_-1_75_37_19.txt
balance:1 8 19 53  
1 2 3 4 5 6 8 10 12 14 15 17 18 19 21 22 23 24 25 26 27 29 34 35 36 37 38 39 40 41 42 45 46 47 48 49 50 51 52 53 54 55 56 57 58 59 60 61 62 63 64 65 66 67 68 69 73 74 75 76 78 80  
allnum:62

res_-1_19_15_0.txt
balance:64  
64  
allnum:1

res_-1_67_75_55.txt
balance:16  
10 12 16 18 19 20 21 22 23 24 25 26 34 35 36 37 38 39 40 46 47 48 49 50 51 52 53 54 55 56 57 59 60 61 62 63 64 65 66 67 71 74 76 78 80  
allnum:45

res_-1_55_19_11.txt
balance:61  
3 4 5 39 41 47 56 61 64 65 74 76  
allnum:12

res_-1_60_47_23.txt
balance:27 29  
6 7 8 10 11 12 13 16 18 19 20 21 22 23 24 25 26 27 29 30 33 34 35 36 37 38 39 40 46 47 48 49 50 51 52 53 54 55 56 57 59 60 61 62 63 64 65 66 67 76 78 80  
allnum:52

res_-1_62_55_0.txt
balance:5 41 47 56  
3 4 5 34 41 47 56 59 60 61 65 76  
allnum:12

res_-1_45_30_0.txt
balance:78  
10 12 14 18 19 20 21 22 23 24 25 26 28 29 34 35 36 37 38 39 40 41 46 47 48 49 50 53 54 55 56 57 59 60 61 62 63 64 65 66 68 69 76 78 79  
allnum:45

res_-1_47_34_17.txt
balance:8  
6 7 8 10 11 12 18 19 20 21 22 23 24 25 28 34 35 36 37 38 39 40 41 46 47 48 49 50 51 52 53 54 55 56 57 59 60 61 62 63 64 65 66 67 68 69 71 74 76 79 80  
allnum:51

res_-1_30_17_0.txt
balance:13 17 32 42 75  
1 2 3 4 5 6 7 8 10 11 12 13 15 16 17 18 19 20 21 22 23 24 25 28 29 30 31 32 33 34 35 36 37 38 39 40 41 42 44 45 46 47 48 49 50 51 52 53 54 55 56 57 58 59 60 61 62 63 64 65 66 69 71 73 74 75 76 78 80  
allnum:69

res_-1_62_41_34.txt
balance:38 76  
10 22 23 24 35 36 37 38 48 49 50 51 56 62 63 64 65 66 69 76 78  
allnum:21

res_-1_23_15_10.txt
balance:34 61  
21 22 23 24 34 46 47 48 56 57 59 60 61 64 66  
allnum:15

res_-1_75_54_19.txt
balance:14  
3 4 5 6 10 12 14 16 21 23 24 25 34 35 36 37 38 39 40 41 42 43 46 47 48 49 50 51 52 54 56 57 59 60 61 62 63 64 65 69 76  
allnum:41

res_-1_43_2_0.txt
balance:19 46  
19 44 45 46  
allnum:4

res_-1_60_55_52.txt
balance:16  
12 16 18 19 20 21 22 23 24 25 26 34 36 37 38 39 40 46 47 48 49 50 51 52 53 54 55 56 57 59 60 61 62 63 64 65 66 67 69 78 80  
allnum:41

res_-1_70_29_0.txt
balance:5 41 47 56  
3 4 5 41 47 56  
allnum:6

res_-1_62_19_15.txt
balance:62  
62 64  
allnum:2

res_-1_48_47_45.txt
balance:76  
10 12 18 19 20 21 22 23 24 26 35 36 37 38 39 46 47 48 49 50 51 52 53 54 56 57 62 64 65 66 76  
allnum:31

res_-1_62_47_29.txt
balance:10 25 52  
10 12 21 23 24 25 28 34 35 36 37 38 39 41 46 47 48 49 50 51 52 53 54 55 56 57 60 61 62 63 64 65 66 67 68 69 76 79  
allnum:38

res_-1_62_25_0.txt
balance:52 55  
6 7 8 10 18 19 20 21 22 23 24 29 34 35 36 37 39 46 47 48 49 50 51 52 54 55 56 59 60 61 62 63 64 65 66 69 76 80  
allnum:38

res_-1_67_19_0.txt
balance:14  
1 2 3 4 5 6 7 8 10 11 12 13 14 15 16 17 18 19 20 21 22 23 24 25 26 27 28 29 30 31 32 33 34 35 36 37 38 39 40 41 42 44 45 46 47 48 49 50 51 52 53 54 55 56 57 58 59 60 61 62 63 64 65 66 67 68 69 70 71 72 73 74 75 76 78  
allnum:75

res_-1_54_19_12.txt
balance:74  
21 23 46 47 48 49 50 56 57 61 62 64 74 76  
allnum:14

res_-1_67_62_34.txt
balance:40 55 67  
4 5 6 7 8 18 19 20 22 23 24 38 40 44 45 46 48 49 50 54 55 57 59 62 64 65 66 67 74 76 78 80  
allnum:32

res_-1_48_75_36.txt
balance:34  
18 19 20 21 22 23 24 34 36 46 47 48 56 57 59 60 61 62 63 65 66 76  
allnum:22

res_-1_64_11_4.txt
balance:8  
1 2 3 4 5 6 7 8 9 10 11 12 18 19 20 21 22 23 27 28 29 30 31 33 34 35 36 37 38 39 40 41 42 44 45 46 47 48 49 50 52 53 54 55 56 57 58 59 60 61 62 63 64 65 66 69 70 71 72 73 74 75 76 77 78 79  
allnum:66

res_-1_70_45_37.txt
balance:16  
6 7 8 10 16 18 19 20 21 22 23 24 25 26 29 34 35 36 37 38 46 47 48 49 50 51 54 56 59 60 61 62 63 64 65 66 68 69 76 78  
allnum:40

res_-1_67_34_17.txt
balance:40 67  
4 5 6 7 8 10 12 16 18 19 20 21 22 23 24 25 26 29 34 35 36 37 38 39 40 41 42 43 44 45 46 47 48 49 50 51 52 53 54 55 56 57 58 59 60 61 62 63 64 65 66 67 69 73 74 76 78 80  
allnum:58

res_-1_19_14_0.txt
balance:64  
19 44 45 46 62 64  
allnum:6

res_-1_79_14_6.txt
balance:38  
6 7 8 10 21 22 23 24 25 26 34 35 36 37 38 46 47 48 49 50 51 52 53 55 56 57 59 60 61 62 63 65 66 69 76 78  
allnum:36

res_-1_75_70_29.txt
balance:5 41  
3 4 5 10 12 19 21 22 23 24 25 29 34 35 36 37 38 39 41 44 45 46 47 48 49 50 51 52 54 56 59 60 61 62 63 64 65 66 69 74 76 78 80  
allnum:43

res_-1_57_15_4.txt
balance:19  
12 19 20 21 22 28 37 44 45 46 47 48 55 56 62 63 64 65 73 74 76  
allnum:21

res_-1_67_70_60.txt
balance:16  
6 7 8 10 12 14 16 18 19 20 21 22 23 24 25 26 29 34 35 36 37 38 39 40 41 46 47 48 49 50 51 52 53 54 55 56 57 59 60 61 62 63 64 65 66 67 69 76 78 80  
allnum:50

res_-1_52_45_30.txt
balance:76  
12 18 19 20 21 22 23 24 29 34 36 37 38 39 40 46 47 48 49 50 56 57 59 60 61 62 63 64 65 66 67 76 78 80  
allnum:34

res_-1_70_47_23.txt
balance:24 66  
22 23 24 66  
allnum:4

res_-1_55_47_23.txt
balance:24 66  
22 23 24 66  
allnum:4

res_-1_62_14_6.txt
balance:62  
21 22 23 24 34 46 47 48 56 59 60 61 62 64 65 66 76 78  
allnum:18

res_-1_43_19_0.txt
balance:72 77  
1 2 3 4 5 6 7 8 9 10 11 12 13 15 16 17 18 19 20 21 22 23 24 27 28 29 30 31 32 33 35 36 37 38 39 40 41 42 43 44 45 46 47 48 49 50 51 53 54 55 56 57 58 59 60 61 62 63 64 65 66 69 70 71 72 73 74 75 76 77 78  
allnum:71

res_-1_52_30_0.txt
balance:76  
34 37 46 57 59 60 61 62 63 64 76  
allnum:11

res_-1_75_52_19.txt
balance:13 53  
1 2 3 4 5 6 7 10 12 13 14 15 16 17 18 19 20 21 22 23 24 25 26 27 28 29 30 31 32 33 34 35 36 37 38 39 40 41 42 44 45 46 47 48 49 50 51 52 53 54 55 56 57 58 59 60 61 62 63 64 65 66 67 68 69 71 73 74 75 76 78 80  
allnum:72

res_-1_57_64_27.txt
balance:62  
21 22 23 24 34 46 47 48 49 50 54 56 57 59 60 61 62 64 65 66 76  
allnum:21

res_-1_52_11_4.txt
balance:3 75  
3 4 10 11 12 13 16 19 20 21 22 28 29 30 31 37 40 44 45 46 47 48 51 52 54 55 56 57 61 62 63 64 65 69 71 73 74 75 76  
allnum:39

res_-1_47_39_15.txt
balance:23 50  
23 48 49 50  
allnum:4

res_-1_62_43_0.txt
balance:19 46  
6 7 8 19 23 34 36 44 45 46 48 49 50 56 59 60 61 62 63 65 69 76  
allnum:22

res_-1_36_21_4.txt
balance:41  
12 18 19 20 21 22 23 24 25 26 31 33 34 36 37 38 39 40 41 46 47 48 49 50 51 52 53 54 55 56 57 59 60 61 62 63 64 65 66 67 69 71 74 76 78 80  
allnum:46

res_-1_47_25_0.txt
balance:23 50  
23 48 49 50  
allnum:4

res_-1_55_30_0.txt
balance:12  
3 4 5 12 20 21 22 23 24 37 38 39 41 46 47 48 49 50 51 52 54 55 56 63 64 65 66 74 76 78 80  
allnum:31

res_-1_62_20_0.txt
balance:12 39  
12 37 38 39  
allnum:4

res_-1_75_70_47.txt
balance:8  
8 10 12 16 18 19 20 21 22 23 24 25 26 28 29 33 34 35 36 37 38 39 40 41 46 47 48 49 50 51 52 53 54 55 56 57 59 60 61 62 63 64 65 66 67 68 69 70 76 78 79 80  
allnum:52

res_-1_47_23_10.txt
balance:27 29  
6 7 8 10 11 18 19 20 21 22 23 24 25 26 27 29 30 33 34 35 36 37 38 40 46 47 48 49 50 51 52 53 54 55 56 57 59 60 61 62 63 64 65 66 67 76 78 80  
allnum:48

res_-1_75_70_52.txt
balance:16  
10 12 16 20 21 22 23 24 25 34 35 36 37 38 39 40 46 47 48 49 50 51 52 54 55 56 57 58 59 60 61 63 64 65 66 67 69 76 78 80  
allnum:40

res_-1_57_19_14.txt
balance:62  
62  
allnum:1

res_-1_64_62_34.txt
balance:79  
10 12 18 19 20 22 23 24 25 26 29 35 36 37 38 39 44 45 46 48 49 50 51 52 53 54 56 57 61 62 63 64 65 66 69 74 76 79  
allnum:38

res_-1_50_30_0.txt
balance:41  
41  
allnum:1

res_-1_75_55_37.txt
balance:16  
10 12 16 18 19 20 21 22 23 24 25 34 35 36 37 38 39 40 46 47 48 49 50 54 55 56 57 59 60 61 62 63 64 65 66 67 71 76 80  
allnum:39

res_-1_75_70_37.txt
balance:16  
10 12 16 20 21 22 23 24 25 34 35 36 37 38 39 40 46 47 48 49 50 51 52 56 58 59 60 61 62 63 64 65 66 67 69 76  
allnum:36

res_-1_55_45_37.txt
balance:16  
10 16 18 19 20 21 22 23 24 25 26 34 35 36 37 38 46 47 48 49 50 51 54 55 56 57 59 60 61 62 63 64 65 66 67 68 76 78 80  
allnum:39

res_-1_43_37_30.txt
balance:50  
21 22 23 24 46 47 48 49 50 56 64 65 66  
allnum:13

res_-1_70_47_25.txt
balance:8  
8 10 18 19 20 21 22 23 24 25 26 28 29 33 34 35 36 37 39 41 46 47 48 49 50 51 52 53 54 55 56 57 59 60 61 62 63 64 65 66 67 68 69 70 76 78 79 80  
allnum:48

res_-1_55_2_0.txt
balance:5 41  
3 4 5 6 19 21 23 31 32 33 34 39 41 44 45 46 47 48 49 50 56 59 60 61 64 65 66 74 76  
allnum:29

res_-1_37_29_17.txt
balance:21  
18 19 20 21 22 23 24 34 36 37 38 46 47 48 49 50 54 56 57 59 60 61 62 63 64 65 66 69 78 80  
allnum:30

res_-1_62_39_34.txt
balance:27  
4 5 6 7 8 10 12 14 16 18 19 20 21 22 23 24 25 26 27 29 34 35 36 37 38 39 40 41 46 47 48 49 50 51 52 53 54 55 56 57 58 59 60 61 62 63 64 65 66 67 68 69 76 78 80  
allnum:55

res_-1_62_19_14.txt
balance:62  
62 64 76  
allnum:3

res_-1_70_60_37.txt
balance:16  
10 12 16 18 19 20 21 22 23 24 25 26 29 34 35 36 37 38 39 46 47 48 49 50 51 56 59 60 61 62 63 64 65 66 68 69 78  
allnum:37

res_-1_30_29_0.txt
balance:8 13 17 32 42 51 75  
1 2 3 4 5 6 7 8 10 11 12 13 15 16 17 19 20 21 22 23 24 25 26 28 29 30 31 32 33 34 35 36 37 38 39 40 41 42 44 45 46 47 48 49 50 51 53 54 55 56 57 58 59 60 61 62 63 64 65 66 68 69 73 74 75 76 78  
allnum:67

res_-1_79_29_0.txt
balance:5 41  
3 4 5 12 18 19 20 21 22 23 24 25 26 29 34 36 37 38 39 40 41 44 45 46 47 48 49 50 54 56 57 59 60 61 62 63 64 65 66 67 68 69 73 76 80  
allnum:45

res_-1_70_2_0.txt
balance:5  
3 4 5 6 19 20 21 22 23 24 31 32 33 34 39 41 44 45 46 47 48 49 50 54 56 59 60 61 64 65 66 74 76  
allnum:33

res_-1_70_62_0.txt
balance:5 41  
3 4 5 10 21 22 23 24 25 34 35 36 37 41 46 47 48 49 50 51 52 56 59 60 61 62 63 65 66 69 76  
allnum:31

res_-1_60_15_0.txt
balance:21  
21 23 34 46 47 48 49 50 56 57 59 60 61 69 76  
allnum:15

res_-1_48_62_34.txt
balance:36 63  
12 36 37 38 39 61 62 63 64  
allnum:9

res_-1_70_36_27.txt
balance:26  
12 18 19 20 21 22 23 24 26 28 29 34 36 37 38 39 40 41 46 47 48 49 50 51 52 53 54 55 56 57 58 59 60 61 62 63 64 65 66 67 68 69 70 76 78 79 80  
allnum:47

res_-1_54_19_0.txt
balance:14 23  
3 4 5 6 14 16 21 23 25 28 34 37 39 40 41 42 43 46 47 48 49 50 51 52 53 54 55 56 57 59 60 61 62 63 64 74 76 78  
allnum:38

res_-1_64_10_0.txt
balance:64  
62 64 73 76  
allnum:4

res_-1_41_19_11.txt
balance:64  
3 4 5 21 46 47 48 54 56 61 62 64 74 76  
allnum:14

res_-1_48_57_62.txt
balance:34 61  
34 59 60 61  
allnum:4

res_-1_48_17_0.txt
balance:41  
41  
allnum:1

res_-1_57_50_2.txt
balance:41  
41  
allnum:1

res_-1_43_17_0.txt
balance:19 46  
6 7 8 19 23 34 36 44 45 46 48 49 50 56 57 59 60 61 62 63 69 78  
allnum:22

res_-1_60_55_29.txt
balance:5  
3 4 5 8 10 12 14 19 20 21 22 23 24 25 26 29 33 34 35 36 37 38 39 40 41 44 45 46 47 48 49 50 51 52 53 54 56 57 61 62 63 64 65 66 67 68 76 78  
allnum:48

res_-1_52_39_19.txt
balance:76  
12 19 23 36 37 38 39 44 45 46 48 49 50 56 57 61 62 63 64 65 76 78  
allnum:22

res_-1_60_55_37.txt
balance:16  
10 12 16 18 19 20 21 22 23 24 25 26 34 35 36 37 38 39 46 47 48 49 50 51 54 55 56 57 59 60 61 62 63 64 65 66 67 68 80  
allnum:39

res_-1_48_30_2.txt
balance:41  
10 20 21 22 23 24 34 35 36 37 38 41 48 49 50 56 57 59 60 61 62 63 64 65 66 73 76 78  
allnum:28

res_-1_62_47_41.txt
balance:37 64  
37 62 63 64  
allnum:4

res_-1_62_47_25.txt
balance:12  
4 5 6 7 8 10 12 18 19 20 21 22 23 24 25 28 29 30 34 35 36 37 38 39 40 41 46 47 48 49 50 51 52 53 54 55 56 57 59 60 61 62 63 64 65 66 67 68 69 70 76 78 79 80  
allnum:54

res_-1_47_37_10.txt
balance:39  
6 7 8 10 18 19 20 21 22 23 24 35 36 37 39 40 48 49 50 54 55 56 57 60 61 62 63 64 65 66 67 76 78 80  
allnum:34

res_-1_67_43_25.txt
balance:23 50  
12 21 23 37 38 39 46 47 48 49 50 55 56 57 64 65 69  
allnum:17

res_-1_70_52_19.txt
balance:61  
2 3 4 5 6 11 12 15 19 20 21 22 23 24 25 28 29 37 38 39 40 41 42 44 45 46 47 48 49 50 51 52 54 55 56 57 59 60 61 62 63 64 65 66 67 68 69 73 74 75 76 78  
allnum:52

res_-1_52_6_0.txt
balance:11 53  
1 2 3 4 5 6 7 8 11 12 13 15 16 17 18 19 20 21 22 23 24 25 26 27 28 29 30 31 32 34 35 36 37 38 39 40 41 42 44 45 46 47 48 49 50 51 52 53 54 55 56 57 58 59 60 61 62 63 64 65 66 67 68 69 71 73 74 75 76 78  
allnum:70

res_-1_39_30_0.txt
balance:76  
6 7 8 12 14 16 18 19 20 21 22 23 24 25 34 36 37 38 39 40 41 46 47 48 49 50 55 56 57 59 60 61 62 63 64 65 66 69 76 78  
allnum:40

res_-1_34_25_23.txt
balance:27 29  
6 7 8 10 11 18 19 20 21 22 23 24 25 26 27 29 30 32 33 34 35 36 37 38 40 46 47 48 49 50 51 52 53 54 55 56 57 58 59 60 61 62 63 64 65 66 67 69 74 76 78 80  
allnum:52

res_-1_37_19_0.txt
balance:1 8 52  
1 2 3 4 5 6 8 10 15 17 18 19 20 21 23 24 26 27 28 29 30 35 36 37 38 40 41 42 45 46 47 48 49 50 51 52 53 54 55 56 57 58 59 60 61 62 63 64 65 66 69 71 73 74 75 76 78  
allnum:57

res_-1_75_19_11.txt
balance:40 79  
1 2 3 4 5 6 8 12 16 19 20 21 22 23 25 28 29 30 33 34 37 38 39 40 41 45 46 47 48 49 50 51 52 53 54 55 56 58 59 60 61 62 63 64 65 66 69 73 74 75 76 78 79  
allnum:53

res_-1_75_55_29.txt
balance:5  
3 4 5 8 10 12 14 19 20 21 22 23 24 25 26 33 34 35 36 37 38 39 40 41 44 45 46 47 48 49 50 51 52 53 54 56 57 59 60 61 62 63 64 65 66 67 68 74 76 78  
allnum:50

res_-1_53_47_25.txt
balance:39  
10 22 23 24 25 35 36 37 39 48 49 50 51 52 55 56 57 64 65 66 69 76  
allnum:22

res_-1_29_15_4.txt
balance:62  
62 64 76  
allnum:3

res_-1_54_45_19.txt
balance:74  
3 4 5 6 10 12 16 21 23 24 25 28 34 35 36 37 38 39 41 42 43 46 47 48 49 50 51 52 53 54 55 56 57 59 60 61 62 63 64 65 69 74 76 78  
allnum:44

res_-1_62_29_15.txt
balance:21  
21 23 46 47 48 49 50 56 65 78  
allnum:10

res_-1_60_52_19.txt
balance:13 53  
1 2 3 4 5 6 7 10 12 13 14 15 16 17 18 19 20 21 22 23 24 25 26 27 28 29 30 31 32 33 34 35 36 37 38 39 40 41 42 44 45 46 47 48 49 50 51 52 53 54 55 56 57 58 59 60 61 62 63 64 65 66 67 68 69 71 73 74 75 76 78 80  
allnum:72

res_-1_57_14_6.txt
balance:62  
62  
allnum:1

res_-1_10_2_0.txt
balance:41  
10 12 18 19 20 21 22 23 26 34 35 36 37 38 39 41 44 45 46 47 48 49 50 51 52 53 56 57 59 60 61 62 63 64 65 69 73 76 78  
allnum:39

res_-1_52_29_19.txt
balance:64  
3 4 5 6 16 19 20 21 25 28 29 30 34 41 44 45 46 48 50 51 52 57 59 60 61 62 64 65 74 75 76  
allnum:31

res_-1_62_50_2.txt
balance:29 38 74  
4 5 6 11 12 13 16 17 20 21 22 25 26 29 30 34 35 38 39 41 43 44 48 50 51 52 53 54 56 57 59 60 61 62 63 64 65 66 68 71 74 76 77  
allnum:43

res_-1_70_47_10.txt
balance:8 16  
8 10 12 16 18 19 20 21 22 23 24 25 26 28 29 33 34 35 36 37 38 39 41 46 47 48 49 50 51 52 53 54 55 56 57 59 60 61 62 63 64 65 66 67 68 69 70 76 78 79 80  
allnum:51

res_-1_75_55_52.txt
balance:16  
6 7 8 10 12 16 18 19 20 21 22 23 24 25 26 29 34 35 36 37 38 39 40 46 47 48 49 50 51 52 53 54 55 56 57 59 60 61 62 63 64 65 66 67 70 71 74 76 78 80  
allnum:50

res_-1_17_14_6.txt
balance:64  
10 12 19 22 23 24 25 35 36 37 38 39 44 45 46 48 49 50 51 52 56 57 61 62 63 64 65 66 76 78  
allnum:30

res_-1_32_30_15.txt
balance:21 50  
10 21 22 23 24 34 35 36 37 46 47 48 49 50 59 60 61 62 63 64 66 76  
allnum:22

res_-1_43_22_4.txt
balance:62  
62  
allnum:1

res_-1_62_52_34.txt
balance:20 23 50  
4 5 6 18 19 20 23 44 45 46 48 49 50 57 62 65 74 76  
allnum:18

res_-1_79_50_34.txt
balance:16 40  
6 7 8 10 12 16 18 19 20 21 22 23 24 25 29 34 35 36 37 38 39 40 48 49 50 51 52 54 56 58 59 60 61 62 63 64 65 66 69 74 76 78 80  
allnum:43

res_-1_30_19_14.txt
balance:62  
62 64 76  
allnum:3

res_-1_52_43_25.txt
balance:23 50  
12 21 23 37 38 39 46 47 48 49 50 55 56 57 64 65 69  
allnum:17

res_-1_62_29_12.txt
balance:61  
12 21 22 23 24 37 38 39 46 47 48 49 50 54 56 57 59 61 62 63 64 65 66 76 78 80  
allnum:26

res_-1_60_54_19.txt
balance:14  
3 4 5 6 10 14 16 21 23 24 25 34 35 36 37 39 40 41 42 43 46 47 48 49 50 51 52 54 56 57 59 60 61 62 63 64 65 69  
allnum:38

res_-1_48_60_19.txt
balance:76  
1 2 3 4 5 6 10 12 18 19 20 21 23 29 33 34 35 36 37 38 39 40 45 46 47 48 49 50 54 55 56 57 58 59 60 61 62 63 64 65 66 67 69 71 74 75 76 78 80  
allnum:49

res_-1_60_14_6.txt
balance:64  
6 7 8 10 23 24 25 26 34 35 36 37 48 49 50 51 52 53 56 57 59 60 61 62 63 64 65 78  
allnum:28

res_-1_62_37_34.txt
balance:16  
10 16 22 23 24 35 36 37 38 48 49 50 54 56 57 62 63 64 65 66 76 78  
allnum:22

res_-1_55_36_21.txt
balance:69  
12 18 19 20 21 22 23 24 26 30 36 37 38 39 46 47 48 49 50 51 52 53 54 55 56 57 61 62 63 64 65 66 69 78 80  
allnum:35

res_-1_70_52_45.txt
balance:16  
12 16 20 21 22 23 24 29 34 36 37 38 39 40 46 47 48 49 50 54 55 56 57 59 60 61 62 63 64 65 66 67 69 76 78 80  
allnum:36

res_-1_55_29_0.txt
balance:5 41 47 56  
3 4 5 41 47 56  
allnum:6

res_-1_79_54_50.txt
balance:21 48  
21 46 47 48  
allnum:4

res_-1_43_29_0.txt
balance:19 46  
19 44 45 46  
allnum:4

res_-1_37_34_25.txt
balance:39  
6 7 8 10 20 21 22 23 24 35 36 37 39 46 47 48 49 50 54 56 57 64 65 66 69 74 76 78  
allnum:28

res_-1_48_36_25.txt
balance:34  
21 22 23 24 34 36 46 47 48 59 60 61 62 63 66 76  
allnum:16

res_-1_21_11_4.txt
balance:3 4 12 13 31 75  
3 4 10 11 12 13 16 18 19 20 21 22 23 25 27 28 29 30 31 32 34 36 37 38 39 40 41 42 43 44 45 46 47 48 49 50 51 52 53 54 55 56 57 58 59 60 61 62 63 64 65 66 67 68 70 71 73 74 75 76 77  
allnum:61

res_-1_29_6_0.txt
balance:15  
1 2 3 4 5 6 10 12 15 19 21 23 24 25 26 28 29 30 32 33 34 35 36 37 38 39 40 41 42 44 45 46 47 48 49 50 51 53 54 55 56 57 58 59 60 61 62 63 64 65 66 68 69 71 73 74 75 76 78  
allnum:59

res_-1_70_60_29.txt
balance:5  
3 4 5 10 12 18 19 20 21 22 23 24 25 29 34 35 36 37 38 39 41 44 45 46 47 48 49 50 51 54 55 56 57 59 60 61 62 63 64 65 66 67 68 69 78 80  
allnum:46

res_-1_48_2_0.txt
balance:41  
41  
allnum:1

res_-1_41_29_19.txt
balance:76  
12 21 22 23 24 37 38 39 46 47 48 49 50 56 62 63 64 65 66 76  
allnum:20

res_-1_34_30_15.txt
balance:50 76  
10 22 23 24 35 36 37 48 49 50 65 66 76 78  
allnum:14

res_-1_55_36_2.txt
balance:26 38 53 65  
6 7 8 21 22 23 24 26 34 36 37 38 46 47 48 49 50 51 52 53 56 57 59 60 61 62 63 64 65 66 76 78  
allnum:32

res_-1_57_41_25.txt
balance:76  
12 18 19 20 21 22 23 24 36 37 38 39 46 47 48 49 50 56 57 61 62 63 64 65 66 69 76 78  
allnum:28

res_-1_30_29_11.txt
balance:61 74  
12 20 21 22 23 24 37 38 39 40 46 47 48 54 55 56 61 64 65 66 67 74 78 80  
allnum:24

res_-1_67_32_11.txt
balance:62  
12 16 21 22 23 24 37 38 39 46 47 48 49 50 54 62 64 66 74 76  
allnum:20

res_-1_70_17_0.txt
balance:5  
3 4 5 10 19 20 21 22 23 24 25 34 35 36 37 41 44 45 46 47 48 49 50 51 52 54 56 57 59 60 61 62 63 65 66 69 74 76 78 80  
allnum:40

res_-1_67_55_45.txt
balance:16  
12 16 18 19 20 21 22 23 24 25 26 36 37 38 39 40 46 47 48 49 50 51 52 53 54 55 56 57 61 62 63 64 65 66 67 78 80  
allnum:37

res_-1_48_57_6.txt
balance:76  
1 2 3 4 5 6 10 11 12 20 21 22 23 24 26 29 30 31 33 34 35 36 37 38 39 45 46 47 48 49 50 51 52 53 54 55 56 57 58 59 60 61 62 63 64 65 66 69 74 76 78  
allnum:51

res_-1_62_30_11.txt
balance:65  
18 19 20 21 22 23 24 44 45 46 47 48 54 56 61 62 64 65 66 74 80  
allnum:21

res_-1_62_34_29.txt
balance:8  
1 2 3 4 5 6 8 10 12 18 19 20 21 22 23 24 25 26 28 29 33 34 35 36 37 38 39 41 44 45 46 47 48 49 50 51 52 53 54 55 56 57 61 62 63 64 65 73 76  
allnum:49

res_-1_62_34_0.txt
balance:29  
1 2 3 4 5 6 7 8 10 12 18 19 20 21 22 23 24 25 26 28 29 34 35 36 37 39 41 44 45 46 47 48 49 50 51 52 53 54 55 56 57 59 60 61 62 63 64 65 66 69 73 74 76  
allnum:53

res_-1_67_75_70.txt
balance:16  
6 7 8 10 16 18 19 20 21 22 23 24 25 26 29 34 35 36 37 38 40 46 47 48 49 50 51 52 53 54 55 56 57 59 60 61 62 63 65 66 67 69 76 78 80  
allnum:45

res_-1_41_12_10.txt
balance:76  
10 12 14 18 19 20 21 22 23 24 35 36 37 38 39 40 41 46 47 48 49 50 51 54 56 57 59 61 62 63 64 65 66 67 68 69 71 76 78 80  
allnum:40

res_-1_67_25_4.txt
balance:3 75  
3 4 5 6 7 8 10 11 12 13 16 19 20 21 22 23 24 28 29 30 34 36 37 39 42 44 45 46 47 48 49 50 54 55 56 57 59 60 61 62 63 64 65 66 73 74 75 76 78 80  
allnum:50

res_-1_17_10_0.txt
balance:41  
6 7 8 10 12 18 19 20 21 22 23 24 25 26 34 35 36 37 38 39 40 41 44 45 46 47 48 49 50 51 52 53 54 56 57 59 60 61 62 63 64 65 66 67 69 73 76 78 80  
allnum:49

res_-1_50_47_2.txt
balance:29 38 74  
11 12 13 16 17 20 21 22 25 26 29 34 35 38 41 43 44 50 51 52 53 54 59 60 61 62 63 64 65 68 71 74  
allnum:32

res_-1_55_52_19.txt
balance:61  
2 3 4 5 6 12 15 19 20 21 22 23 24 25 28 29 37 38 39 40 41 42 44 45 46 47 48 49 50 51 52 54 55 56 57 59 60 61 62 63 64 65 66 67 68 69 73 74 75 76 78  
allnum:51

res_-1_48_75_34.txt
balance:12 39  
10 12 18 19 20 22 23 24 26 34 35 36 37 38 39 48 49 50 51 52 53 54 56 57 59 60 61 62 63 65 66 74 76 78  
allnum:34

res_-1_54_11_4.txt
balance:8 52 53  
8 18 19 20 21 22 28 37 46 47 48 52 53 54 56 57 61 62 63 64 65 69 73 74 76  
allnum:25

res_-1_60_50_0.txt
balance:41  
10 18 19 20 23 34 35 36 37 38 41 48 49 50 56 57 59 60 61 62 63 65 76 78  
allnum:24

res_-1_36_21_10.txt
balance:50  
10 11 12 18 19 20 21 22 23 24 26 28 30 34 35 36 37 38 39 40 41 46 47 48 49 50 51 52 53 54 55 56 57 59 60 61 62 63 64 65 66 67 68 69 76 78 80  
allnum:47

res_-1_67_60_55.txt
balance:16  
12 16 18 19 20 21 22 23 24 25 26 36 37 38 39 40 46 47 48 49 50 51 52 53 54 55 56 57 61 62 63 64 65 66 67 69 78 80  
allnum:38

res_-1_62_30_0.txt
balance:13 17 32 42 75  
1 2 3 4 5 6 7 8 10 11 12 13 15 16 17 18 19 20 21 22 23 24 25 26 28 29 30 31 32 33 34 35 36 37 38 39 40 41 42 44 45 46 47 48 49 50 51 52 54 55 56 57 58 59 60 61 62 63 64 65 66 67 68 69 73 74 75 76 78 80  
allnum:70

res_-1_48_75_55.txt
balance:21 48  
21 46 47 48  
allnum:4

res_-1_75_22_4.txt
balance:19  
6 10 14 19 20 21 22 23 24 31 32 33 34 35 36 37 39 40 41 44 45 46 47 48 49 50 54 56 57 58 59 60 61 62 63 64 65 66 67 74 76 78  
allnum:42

res_-1_79_47_41.txt
balance:68  
6 7 8 10 12 14 18 19 20 21 22 23 24 25 26 27 34 35 36 37 38 39 40 41 46 47 48 49 50 51 52 53 54 56 57 59 60 61 62 63 64 65 66 67 68 69 76 78 80  
allnum:49

res_-1_62_50_17.txt
balance:29  
4 5 6 7 8 10 11 12 13 16 17 19 20 21 22 23 24 25 26 29 30 34 35 36 37 38 39 40 41 43 44 45 46 48 49 50 51 52 53 54 55 56 57 59 60 61 62 63 64 65 66 67 68 69 71 74 76 77 78 80  
allnum:60

res_-1_47_37_25.txt
balance:39  
6 7 8 10 22 23 24 35 36 37 39 48 49 50 57 64 65 66 76 78  
allnum:20

res_-1_47_39_10.txt
balance:32 41  
4 5 6 7 8 10 12 13 16 18 19 20 21 22 23 24 25 26 28 31 32 35 36 37 38 39 40 41 46 47 48 49 50 51 52 53 54 55 56 57 58 59 60 61 62 63 64 65 66 67 69 74 76 78 80  
allnum:55

res_-1_64_25_0.txt
balance:64 76  
64 76  
allnum:2

res_-1_43_19_15.txt
balance:62  
62  
allnum:1

res_-1_19_15_14.txt
balance:62  
62 64 76  
allnum:3

res_-1_79_47_34.txt
balance:8  
6 7 8 10 12 14 16 17 18 19 20 21 22 23 24 25 26 27 29 34 35 36 37 38 39 40 41 46 47 48 49 50 51 52 53 54 55 56 57 59 60 61 62 63 64 65 66 67 69 70 71 76 78 80  
allnum:54

res_-1_52_25_4.txt
balance:3 30 75  
3 4 5 6 16 19 20 21 22 23 24 28 29 30 37 39 40 42 44 45 46 47 48 49 50 54 55 56 57 61 62 63 64 65 66 67 69 73 74 75 76 78  
allnum:42

res_-1_47_43_25.txt
balance:10 25  
6 7 8 10 12 21 23 24 25 26 35 36 37 38 39 40 46 47 48 49 50 51 52 53 56 57 59 60 61 62 64 65 66 67 69 76 78  
allnum:37

res_-1_48_57_19.txt
balance:76  
1 2 3 4 5 6 11 12 20 21 22 29 30 31 33 38 39 45 46 47 48 54 55 56 58 59 60 61 62 63 64 65 66 69 74 76 78  
allnum:37

res_-1_47_15_0.txt
balance:23 50  
23 48 49 50  
allnum:4

res_-1_48_75_70.txt
balance:21 48  
21 46 47 48  
allnum:4

res_-1_75_15_0.txt
balance:21  
21 23 34 46 47 48 49 50 56 57 59 60 61 69 76  
allnum:15

res_-1_60_30_15.txt
balance:21  
6 7 8 10 21 23 34 35 36 46 47 48 49 50 56 57 59 60 61 62 63 64 65 69 76 78  
allnum:26

res_-1_62_10_0.txt
balance:55  
4 5 6 7 8 10 18 19 20 21 22 23 24 25 26 29 34 35 36 37 39 44 45 46 47 48 49 50 51 52 53 54 55 56 57 59 60 61 62 63 64 65 66 69 73 74 76 80  
allnum:48

res_-1_36_21_2.txt
balance:41 68  
4 6 12 18 19 20 21 22 23 24 26 29 30 31 32 33 34 36 37 38 39 40 41 46 47 48 49 50 51 52 53 54 55 56 57 59 60 61 62 63 64 65 66 67 68 69 74 76 78 80  
allnum:50

res_-1_64_45_0.txt
balance:24 66  
18 19 20 22 23 24 29 34 37 48 49 50 54 56 57 59 60 61 62 63 64 65 66 76 79  
allnum:25

res_-1_70_52_34.txt
balance:22  
12 16 20 21 22 37 38 39 55 56 57 64 65 69 74  
allnum:15

res_-1_48_75_19.txt
balance:4 13 16 22 58 73 76  
4 10 11 12 13 16 19 22 23 29 30 34 35 36 37 38 39 40 44 45 46 47 48 49 50 54 55 56 57 58 59 60 61 62 63 64 65 66 67 71 72 73 76 80  
allnum:44

res_-1_48_57_17.txt
balance:34 61  
21 22 23 24 34 46 47 48 49 50 56 59 60 61 66  
allnum:15

