res_-1_15.txt
quadratic:k39:k39*k73;	k73:k39*k73;
11 39 73  
allnum:3

res_-1_46.txt
quadratic:k11:k11*k75;	k75:k11*k75;
8 9 10 11 20 35 36 37 40 45 46 47 52 55 61 62 63 64 65 66 67 73 75 77  
allnum:24

res_-1_2.txt
quadratic:k39:k39*k73;	k73:k39*k73;
11 39 73  
allnum:3

res_-1_59.txt
quadratic:k33:k33*k77;
10 11 23 33 35 36 37 40 48 49 50 58 59 60 61 62 63 64 65 66 67 69 77  
allnum:23

res_-1_17.txt
quadratic:k39:k39*k73;	k73:k39*k73;
11 31 39 56 57 58 65 73 75  
allnum:9

res_-1_-1_55_17.txt
quadratic:k25:k25*k73;
8 9 10 12 20 25 26 29 30 31 33 35 36 37 39 40 41 45 46 47 51 52 53 54 55 56 57 58 59 60 61 62 63 64 65 66 67 68 73 75 77 80  
allnum:42

res_-1_-1_76_2.txt
quadratic:k41:k41*k73+k41*k75;
3 8 9 10 11 12 20 28 29 30 31 33 35 37 39 41 45 46 47 52 54 55 56 57 58 59 60 61 62 63 64 65 73 75 77 79  
allnum:36

res_-1_-1_53_17.txt
quadratic:k25:k25*k73;
11 25 29 31 33 37 39 41 54 55 56 57 58 59 60 65 69 73 75  
allnum:19

res_-1_-1_22_15.txt
quadratic:k33:k33*k75;	k73:k25*k73;
25 29 33 35 54 55 56 58 59 60 61 62 63 73 75 77  
allnum:16

res_-1_-1_40_17.txt
quadratic:k0:k0*k73;	k42:k42*k43;	k43:k42*k43;	k54:k54*k73;	k71:k71*k73;	k72:k72*k73;	k78:k73*k78;
0 2 8 9 10 11 12 15 17 20 22 23 25 26 30 31 32 33 34 35 36 37 38 39 40 41 42 43 44 45 46 47 48 49 50 51 52 53 54 55 56 57 58 59 60 61 62 63 64 65 66 67 68 69 71 72 73 74 75 76 77 78  
allnum:62

res_-1_-1_33_63.txt
quadratic:k18:k18*k73;	k19:k19*k73;	k27:k27*k73;	k28:k28*k73;	k35:k35*k75;	k46:k46*k73;	k55:k55*k73;	k62:k62*k75;	k63:k63*k73;
6 18 19 23 25 27 28 30 31 32 33 35 40 43 44 45 46 52 53 54 55 56 57 58 59 60 61 62 63 65 66 67 73 75  
allnum:34

res_-1_-1_22_17.txt
quadratic:k33:k33*k75;	k73:k25*k73;
25 29 33 35 54 55 56 58 59 60 61 62 63 73 75 77  
allnum:16

res_-1_-1_10_2.txt
quadratic:k15:k15*k73;	k26:k26*k63+k26*k73;	k53:k53*k63;	k64:k64*k73;
4 5 6 8 9 10 11 12 13 14 15 22 24 26 29 31 32 33 35 36 37 38 39 40 41 47 48 49 50 51 52 53 54 55 56 57 58 59 60 61 62 63 64 65 66 69 71 73 75 77 79  
allnum:51

res_-1_-1_25_17.txt
quadratic:k33:k12*k33+k33;	k35:k35*k77+k35;	k62:k62*k77+k62;
12 33 35 41 58 59 60 61 62 75 77  
allnum:11

res_-1_-1_39_2.txt
quadratic:k0:k0*k73;	k42:k42*k43;	k43:k42*k43;	k71:k71*k73;	k72:k72*k73;	k78:k73*k78;
0 2 6 8 9 10 11 12 15 17 20 22 23 24 25 26 28 31 32 33 34 35 36 37 38 39 40 41 42 43 44 45 46 47 48 49 50 51 52 53 54 55 56 57 58 59 60 61 62 63 64 65 66 67 68 69 70 71 72 73 74 75 76 77 78 79  
allnum:66

res_-1_-1_39_15.txt
quadratic:k0:k0*k73;	k9:k9*k73;	k42:k42*k43;	k46:k45*k46;	k51:k51*k73;	k54:k54*k73;	k64:k64*k73;	k71:k71*k73;	k72:k72*k73;	k78:k73*k78;
0 2 8 9 11 13 15 17 18 20 22 23 25 26 31 32 33 34 35 37 38 39 40 41 42 43 44 45 46 47 48 49 50 51 52 53 54 56 57 58 59 60 61 62 63 64 65 66 67 68 69 71 72 73 74 75 76 77 78  
allnum:59

res_-1_-1_39_63.txt
quadratic:k3:k3*k73+k3*k75;	k8:k8*k73;	k9:k9*k73;	k37:k37*k73;	k45:k45*k46;	k46:k45*k46;	k51:k51*k73;	k64:k64*k73;	k69:k69*k73;	k71:k71*k73;	k72:k72*k73;
0 3 4 6 8 9 11 12 13 15 16 20 21 22 23 24 25 26 28 29 30 31 32 33 34 35 37 38 39 40 41 42 43 44 45 46 47 48 49 51 52 53 54 55 56 57 58 59 60 61 62 63 64 65 66 67 68 69 71 72 73 74 75 76 77 78 80  
allnum:67

res_-1_-1_22_63.txt
quadratic:k77:k73*k77;
4 25 27 29 30 31 33 35 54 55 56 58 59 60 61 62 63 73 75 77  
allnum:20

res_-1_-1_39_17.txt
quadratic:k0:k0*k73;	k9:k9*k73;	k42:k42*k43;	k43:k42*k43;	k45:k45*k46;	k46:k45*k46;	k51:k51*k73;	k54:k54*k73;	k64:k64*k73;	k71:k71*k73;	k72:k72*k73;	k78:k73*k78;
0 2 3 8 9 11 15 17 20 22 23 25 26 28 29 30 31 32 33 34 35 37 38 39 40 41 42 43 44 45 46 47 48 49 50 51 52 53 54 56 57 58 59 60 61 62 63 64 65 66 67 68 69 71 72 73 74 75 76 77 78  
allnum:61

res_-1_-1_26_2.txt
quadratic:k13:k13*k63;	k28:k28*k63;	k31:k31*k77;	k40:k40*k63+k40*k77;	k55:k55*k63;	k58:k58*k77;
7 10 13 15 20 22 26 27 28 31 32 33 34 35 36 37 38 39 40 45 46 47 48 49 51 52 53 54 55 56 57 58 60 63 77  
allnum:35

res_-1_-1_18_63.txt
quadratic:k0:k0*k73;	k15:k15*k73;	k27:k27*k73;	k42:k42*k73;	k51:k51*k73;	k71:k71*k73;	k80:k73*k80;
0 4 5 6 8 9 10 11 12 13 14 15 16 18 22 23 24 25 26 27 28 29 30 31 32 33 35 37 38 39 40 41 42 43 44 45 47 48 49 50 51 52 53 54 55 56 57 58 59 60 61 62 63 64 65 66 68 71 73 75 76 77 79 80  
allnum:64

res_-1_-1_39_46.txt
quadratic:k26:k26*k75;	k28:k28*k75;	k41:k41*k75;
8 9 10 12 18 20 22 26 28 31 33 34 35 36 37 38 39 40 41 43 44 45 46 47 48 49 52 53 54 55 56 57 58 59 60 61 62 63 64 65 66 67 69 71 73 75 77 79  
allnum:48

res_-1_-1_9_63.txt
quadratic:k11:k11*k73;	k15:k15*k73;	k30:k29*k30;	k38:k38*k39;	k40:k40*k73+k40;	k41:k41*k73;	k47:k47*k48;	k48:k47*k48;	k57:k56*k57;	k63:k63*k73;
4 11 13 15 22 25 28 29 30 31 33 35 38 39 40 41 47 48 49 53 54 55 56 57 58 59 60 61 62 63 73 75  
allnum:32

res_-1_-1_9_3.txt
quadratic:k29:k29*k73;
8 9 10 20 25 29 33 34 35 36 37 39 40 41 45 46 47 52 55 58 59 60 61 62 63 64 65 66 67 73 77  
allnum:31

res_-1_-1_13_15.txt
quadratic:k54:k54*k55;	k55:k54*k55;
11 12 15 22 29 31 33 35 38 39 40 47 48 49 54 55 56 57 58 59 60 61 62 73 75 77  
allnum:26

res_-1_-1_22_40.txt
quadratic:k60:k60*k61;	k61:k60*k61;
35 60 61 62 73 75 77  
allnum:7

res_-1_-1_9_8.txt
quadratic:k33:k33*k73+k33*k75;	k60:k60*k73+k60*k75;
10 33 35 36 37 40 58 59 60 62 63 64 65 66 67 73 75 77  
allnum:18

res_-1_-1_25_2.txt
quadratic:k26:k26*k63;	k33:k12*k33+k33;	k53:k53*k63;
8 9 10 12 20 26 33 35 36 37 41 45 46 47 51 52 53 58 59 60 61 62 63 65 73 75 77 79  
allnum:28

res_-1_-1_25_63.txt
quadratic:k25:k25*k75+k25;
8 9 10 12 17 20 22 25 26 31 33 34 35 39 41 42 43 44 45 46 47 48 49 50 52 56 57 58 59 60 61 62 63 65 68 73 75 76 77  
allnum:39

res_-1_-1_68_17.txt
quadratic:k25:k25*k73;	k37:k37*k73;
11 12 25 26 29 30 31 33 35 37 39 40 41 51 52 53 54 55 56 57 58 59 60 61 62 63 64 65 66 67 68 73 75 77  
allnum:34

res_-1_-1_1_2.txt
quadratic:k27:k27*k75;	k38:k38*k73;
3 8 9 10 11 12 26 27 28 29 30 31 33 35 38 39 40 41 51 52 53 54 55 56 57 58 59 60 61 62 63 64 65 66 67 68 73 75 77  
allnum:39

res_-1_-1_63_23.txt
quadratic:k63:k63*k73+k63;
12 25 33 39 58 59 60 61 63 73 75 77  
allnum:12

res_-1_-1_40_2.txt
quadratic:k0:k0*k73;	k42:k42*k43;	k71:k71*k73;	k72:k72*k73;	k78:k73*k78;
0 2 6 7 8 9 10 11 12 15 17 18 19 20 21 22 23 24 25 26 28 30 31 32 33 34 35 36 37 38 39 40 41 42 43 44 45 46 47 48 49 50 51 52 53 54 55 56 57 58 59 60 61 62 63 64 65 66 67 68 69 70 71 72 73 74 75 76 77 78 79  
allnum:71

res_-1_-1_22_21.txt
quadratic:k33:k33*k75;	k60:k60*k75;
33 58 59 60 73 75  
allnum:6

res_-1_-1_33_2.txt
quadratic:k19:k19*k73;	k39:k39*k73;
8 9 10 12 18 19 20 23 25 26 27 28 31 33 34 35 39 40 41 43 44 45 46 47 51 52 53 54 55 56 57 58 59 60 61 63 65 66 67 68 69 70 73 75 77  
allnum:45

res_-1_-1_53_15.txt
quadratic:k25:k25*k73;
11 25 29 31 33 37 39 54 55 56 57 58 59 60 65 69 73 75 77  
allnum:19

res_-1_-1_33_15.txt
quadratic:k28:k28*k73;
12 13 18 23 25 26 28 31 33 39 40 41 43 44 45 48 49 50 53 54 55 56 57 58 59 60 61 63 65 66 67 69 73 75 77  
allnum:35

res_-1_-1_15_10.txt
quadratic:k41:k41*k73;	k64:k64*k73;
11 12 13 14 20 22 29 31 33 35 37 38 39 40 41 45 46 47 48 49 50 54 55 56 57 58 59 60 61 62 63 64 69 71 73 75 77  
allnum:37

res_-1_-1_9_17.txt
quadratic:k38:k38*k39;	k39:k38*k39;	k47:k47*k48;	k48:k47*k48;	k65:k65*k73;	k73:k65*k73+k73;
13 22 38 39 40 47 48 49 61 65 73  
allnum:11

res_-1_-1_76_15.txt
quadratic:k41:k41*k73;	k54:k54*k55;	k55:k54*k55;
11 12 29 31 33 35 39 41 54 55 56 57 58 59 60 61 62 63 64 65 73 75  
allnum:22

res_-1_-1_53_63.txt
quadratic:k11:k11*k73+k11;	k13:k13*k73;	k22:k22*k73;	k40:k40*k73;	k49:k49*k73;	k65:k65*k73;
4 11 12 13 22 29 30 31 33 38 39 40 41 47 48 49 54 55 56 57 58 59 60 61 65 73 75  
allnum:27

res_-1_-1_9_2.txt
quadratic:k38:k38*k39;	k39:k38*k39;	k41:k41*k73;	k48:k47*k48;	k73:k41*k73;
8 9 10 13 20 22 33 34 35 36 37 38 39 40 41 45 46 47 48 49 52 55 61 62 63 64 65 66 67 73 77  
allnum:31

res_-1_-1_18_15.txt
quadratic:k2:k2*k73;	k23:k23*k73;	k29:k29*k73;	k64:k64*k73;	k74:k73*k74;
2 6 8 9 10 11 12 13 15 18 20 22 23 24 26 28 29 31 32 33 35 37 38 39 40 41 43 44 45 46 47 48 49 50 51 52 53 54 55 56 57 58 59 60 61 62 63 64 65 66 67 68 69 70 71 73 74 75 77  
allnum:59

res_-1_-1_7_3.txt
quadratic:k26:k26*k63;	k33:k33*k77;	k60:k60*k77;	k75:k63*k75+k75;
8 9 10 18 20 22 26 27 33 39 40 43 44 45 46 47 51 52 53 54 55 58 59 60 61 63 64 65 66 67 75 77  
allnum:32

res_-1_-1_26_17.txt
quadratic:k22:k22*k77;	k31:k31*k77;	k40:k40*k77;	k49:k49*k77;	k58:k58*k77;
15 22 31 38 39 40 47 48 49 56 57 58 60 63 73 77  
allnum:16

res_-1_-1_25_15.txt
quadratic:k33:k12*k33+k33;	k35:k35*k77+k35;	k62:k62*k77+k62;
12 20 33 35 41 45 46 47 58 59 60 61 62 63 77  
allnum:15

res_-1_-1_46_8.txt
quadratic:k60:k60*k75;
4 8 9 10 20 22 23 24 26 28 29 30 31 33 34 35 36 37 40 45 46 47 48 49 50 51 52 53 54 55 58 59 60 61 62 63 64 65 66 67 73 75 77 79  
allnum:44

res_-1_-1_69_63.txt
quadratic:k16:k16*k75;	k33:k33*k75;	k60:k60*k75;
14 16 33 58 59 60 73 75  
allnum:8

res_-1_-1_22_3.txt
quadratic:k79:k73*k79+k79;
4 5 25 27 29 30 32 33 35 42 54 55 56 58 59 60 61 62 63 65 69 73 75 77 79  
allnum:25

res_-1_-1_35_63.txt
quadratic:k73:k59*k73+k73;
33 40 58 59 60 73 75  
allnum:7

res_-1_-1_63_8.txt
quadratic:k8:k8*k73;	k13:k13*k73;	k22:k22*k73;	k40:k40*k73;	k68:k68*k73;
2 4 8 12 13 14 20 22 23 25 26 28 29 30 31 32 33 34 35 38 39 40 41 42 45 46 47 48 49 50 53 54 55 56 57 58 59 60 61 62 63 65 68 69 73 74 75 76 77 79  
allnum:50

res_-1_-1_17_12.txt
quadratic:k12:k12*k73;
11 12 18 20 21 22 23 24 26 28 29 30 31 33 35 37 39 40 41 43 44 45 46 47 48 49 50 51 52 53 54 55 56 57 58 59 60 61 62 63 64 65 66 67 68 69 70 73 75 77  
allnum:50

res_-1_-1_26_63.txt
quadratic:k40:k40*k75;
11 12 15 20 28 33 38 39 40 41 45 46 47 53 54 55 58 59 60 63 65 73 75 79  
allnum:24

res_-1_-1_39_3.txt
quadratic:k0:k0*k73+k0;	k18:k18*k73;	k71:k71*k73+k71;	k72:k72*k73+k72;	k78:k73*k78+k78;
0 2 6 8 9 10 11 12 13 15 16 18 20 22 23 25 26 27 28 29 30 31 32 33 34 35 36 37 38 39 40 41 42 43 44 45 46 47 48 49 50 51 52 53 54 55 56 57 58 59 60 61 62 63 64 65 66 67 68 69 70 71 72 73 74 75 76 77 78 79  
allnum:70

res_-1_-1_9_15.txt
quadratic:k38:k38*k39;	k39:k38*k39;	k47:k47*k48;	k48:k47*k48;
13 22 38 39 40 47 48 49 61 73  
allnum:10

res_-1_-1_26_15.txt
quadratic:k22:k22*k77;	k31:k31*k77;	k40:k40*k77;	k58:k58*k77;
15 20 22 24 31 35 37 38 39 40 45 46 47 48 49 50 51 56 57 58 60 62 63 64 65 66 73 77  
allnum:28

res_-1_-1_13_2.txt
quadratic:k41:k41*k73+k41*k75;	k54:k54*k55;	k55:k54*k55;
11 12 15 22 29 31 33 35 38 39 40 41 47 48 49 54 55 56 57 58 59 60 61 62 73 75 77 79  
allnum:28

res_-1_-1_40_15.txt
quadratic:k0:k0*k73;	k42:k42*k43;	k43:k42*k43;	k54:k54*k73;	k71:k71*k73;	k72:k72*k73;	k78:k73*k78;
0 2 8 9 10 11 12 15 17 20 22 23 25 26 30 31 32 33 34 35 36 37 38 39 40 41 42 43 44 45 46 47 48 49 50 51 52 53 54 55 56 57 58 59 60 61 62 63 64 65 66 67 68 69 71 72 73 74 75 76 77 78  
allnum:62

res_-1_-1_68_15.txt
quadratic:k25:k25*k73;	k37:k37*k73;
11 12 20 25 26 29 30 31 33 35 37 39 40 41 45 46 47 51 52 53 54 55 56 57 58 59 60 61 62 63 64 65 66 67 68 71 73 75 77  
allnum:39

res_-1_-1_13_17.txt
quadratic:k54:k54*k55;	k55:k54*k55;
11 12 15 22 25 29 30 31 33 35 38 39 40 47 48 49 54 55 56 57 58 59 60 61 62 65 73 75 77  
allnum:29

res_-1_-1_26_3.txt
quadratic:k11:k11*k25+k11;	k13:k13*k63;	k28:k28*k63;	k55:k55*k63;	k76:k76*k77;
0 7 9 10 11 12 13 20 22 25 26 27 28 30 31 32 33 34 35 36 37 38 39 40 41 45 46 47 48 49 50 51 52 53 54 55 56 57 58 59 60 61 62 63 65 66 67 68 69 71 72 73 75 76 77 78  
allnum:56

res_-1_-1_48_69.txt
quadratic:k16:k16*k75;	k60:k60*k75;
7 8 9 10 14 16 19 20 21 22 24 26 32 33 34 39 40 41 45 46 47 48 49 50 51 52 53 55 58 59 60 61 63 64 65 66 67 68 73 75 77  
allnum:41

res_-1_-1_22_19.txt
quadratic:k33:k33*k73+k33*k75;	k60:k60*k73+k60*k75;
33 58 59 60 73 75  
allnum:6

res_-1_53_16_0.txt
quadratic:k10:k10*k63;	k27:k27*k73;	k29:k29*k73;	k56:k56*k73;
6 7 8 10 21 22 23 24 27 29 31 32 33 34 35 36 37 38 39 40 41 49 50 51 54 55 56 58 59 60 61 62 63 64 65 66 67 69 73 75 77 79 80  
allnum:43

res_-1_23_17_8.txt
quadratic:k48:k47*k48;
7 8 9 10 11 13 19 20 21 22 25 26 27 28 30 31 32 33 34 35 36 37 38 39 40 45 46 47 48 49 50 51 52 53 54 55 56 57 58 59 60 61 62 63 64 65 66 67 71 73 75 77 79 80  
allnum:54

res_-1_25_23_17.txt
quadratic:k12:k12*k58;	k15:k15*k77+k15;
4 5 6 8 9 10 12 13 15 20 25 33 35 41 45 46 47 48 50 52 57 58 59 60 61 62 63 65 69 71 75 77 79  
allnum:33

res_-1_37_13_10.txt
quadratic:k35:k35*k73+k35*k75;
22 24 26 31 33 35 37 38 39 40 41 47 48 49 50 51 52 53 56 57 58 59 60 61 62 63 64 65 66 67 68 69 73 75 77 79  
allnum:36

res_-1_69_63_15.txt
quadratic:k2:k2*k73;	k4:k4*k5;	k5:k4*k5;	k6:k6*k14;	k9:k9*k14;	k21:k14*k21+k21;	k30:k14*k30+k30;	k36:k35*k36;	k71:k14*k71+k71*k73;	k72:k14*k72;	k74:k73*k74;	k78:k77*k78;
0 1 2 4 5 6 9 10 11 12 13 14 15 16 18 20 21 22 23 24 25 26 27 28 29 30 31 32 33 34 35 36 37 39 40 41 42 43 44 45 46 47 48 49 50 51 52 53 54 55 56 57 58 59 60 61 62 63 64 65 66 67 68 69 70 71 72 73 74 75 76 77 78  
allnum:73

res_-1_63_37_13.txt
quadratic:k0:k0*k73;	k9:k9*k73;	k14:k14*k73;	k15:k15*k73;	k30:k30*k73;	k39:k39*k73;	k51:k51*k73;	k54:k54*k55+k54*k73;	k55:k54*k55;	k63:k63*k73;	k72:k72*k73;	k78:k73*k78;
0 9 11 13 14 15 25 26 29 30 31 32 33 34 35 39 40 41 51 52 53 54 55 56 57 58 59 60 61 62 63 65 66 67 68 69 72 73 75 76 77 78  
allnum:42

res_-1_38_13_3.txt
quadratic:k29:k29*k73+k29;	k35:k35*k75;	k62:k62*k75;	k79:k73*k79;
8 9 10 20 25 26 29 31 33 35 39 40 41 45 46 47 51 52 53 54 55 56 57 58 59 60 61 62 63 64 65 66 67 68 69 73 75 77 79  
allnum:39

res_-1_36_19_17.txt
quadratic:k25:k25*k73;
8 9 10 12 20 25 33 35 36 37 39 45 46 47 52 58 59 60 61 63 73 75 77  
allnum:23

res_-1_26_13_3.txt
quadratic:k0:k0*k73;	k71:k71*k73;	k72:k72*k73;	k78:k73*k78;
0 2 3 6 8 9 10 11 12 15 16 18 20 22 23 25 26 27 28 29 30 31 32 33 34 35 38 39 40 41 42 43 44 45 46 47 48 49 50 51 52 53 54 55 56 57 58 59 60 61 62 63 64 65 66 67 68 69 71 72 73 74 75 76 77 78 79  
allnum:67

res_-1_63_22_13.txt
quadratic:k9:k9*k73;	k22:k22*k73;	k24:k24*k73;	k26:k26*k73;	k37:k37*k73;	k49:k49*k73;	k51:k51*k73;	k64:k64*k73;	k69:k69*k73;	k72:k72*k73;	k78:k73*k78;
4 5 9 12 22 24 25 26 27 29 30 31 32 33 34 35 37 38 39 40 47 48 49 51 52 53 54 55 56 57 58 59 60 61 62 63 64 65 66 67 68 69 72 73 75 76 77 78  
allnum:48

res_-1_36_15_3.txt
quadratic:k6:k6*k75;	k48:k48*k75;
4 5 6 8 9 10 12 13 18 20 24 26 27 28 29 31 33 35 36 37 38 39 40 41 43 44 45 46 47 48 49 50 51 52 53 54 55 56 57 58 59 60 61 62 63 64 65 66 67 68 71 73 75 77 79 80  
allnum:56

res_-1_66_35_0.txt
quadratic:k29:k29*k73;
10 25 29 31 33 35 36 37 40 54 55 56 57 58 59 60 62 63 64 65 66 67 69 73 75 77 79 80  
allnum:28

res_-1_19_17_15.txt
quadratic:k31:k12*k31+k31*k75;	k39:k39*k73;
3 12 25 28 29 30 31 33 39 41 56 57 58 59 60 61 63 65 73 75 77  
allnum:21

res_-1_50_4_3.txt
quadratic:k6:k6*k75;
2 3 4 5 6 7 8 9 10 18 19 20 21 22 23 25 26 27 31 32 33 34 35 36 37 38 40 43 44 45 46 47 48 49 50 51 52 53 54 55 56 57 58 59 60 61 62 63 64 65 66 67 69 71 73 75 77 79 80  
allnum:59

res_-1_63_13_9.txt
quadratic:k27:k27*k73;
0 4 9 11 12 13 15 22 25 26 27 28 29 30 31 32 33 34 35 38 39 40 41 47 48 49 51 52 53 54 55 56 57 58 59 60 61 62 63 65 66 67 68 69 72 73 75 76 77 78  
allnum:50

res_-1_63_36_16.txt
quadratic:k8:k8*k75;
8 10 12 18 20 24 25 26 27 33 34 35 36 37 39 40 41 43 44 45 46 47 50 51 52 53 54 58 59 60 61 62 63 64 65 66 67 68 73 75 77 78 79 80  
allnum:44

res_-1_50_41_14.txt
quadratic:k8:k8*k77;	k50:k50*k77;	k79:k73*k79;
6 7 8 18 27 29 31 33 35 37 38 40 42 43 44 45 50 54 55 56 57 58 59 60 61 62 63 64 65 66 67 69 73 75 77 79  
allnum:36

res_-1_63_23_21.txt
quadratic:k26:k26*k65;	k53:k53*k65;	k77:k73*k77;
4 20 22 23 24 25 26 27 29 30 31 33 35 37 38 39 40 42 45 46 47 50 51 52 53 54 55 56 57 58 59 60 61 62 63 65 66 69 71 73 75 77  
allnum:42

res_-1_69_17_10.txt
quadratic:k13:k13*k14+k13*k77;	k34:k34*k35;	k49:k14*k49+k49*k77;	k52:k52*k53;	k53:k52*k53;	k76:k76*k77;
0 9 11 12 13 14 16 20 21 22 23 25 26 29 31 32 33 34 35 38 39 40 41 45 46 47 48 49 50 51 52 53 54 55 56 57 58 59 60 61 62 63 65 66 67 68 69 71 72 73 75 76 77 78  
allnum:54

res_-1_34_3_0.txt
quadratic:k0:k0*k68;	k3:k3*k73;	k11:k11*k23+k11;	k24:k24*k73;	k28:k28*k73;	k42:k42*k73;	k44:k44*k45;	k69:k69*k73;
0 1 3 4 5 6 7 8 11 12 13 14 15 16 17 19 20 23 24 25 26 27 28 29 30 31 33 34 35 37 38 39 40 41 42 43 44 45 46 47 48 49 50 51 52 53 56 57 58 59 60 61 62 63 64 65 66 67 68 69 71 73 75 77 79 80  
allnum:66

res_-1_63_26_13.txt
quadratic:k9:k9*k73;	k45:k45*k46;	k46:k45*k46;	k49:k49*k73;	k50:k50*k73;	k51:k51*k73;	k69:k69*k73;	k71:k71*k73;	k72:k72*k73;
0 6 8 9 11 12 13 15 16 17 20 21 22 23 24 25 26 28 29 30 31 32 33 34 35 38 39 40 41 42 45 46 47 48 49 50 51 52 53 54 55 56 57 58 59 60 61 62 63 65 66 67 68 69 71 72 73 74 75 76 77 78 80  
allnum:63

res_-1_33_19_8.txt
quadratic:k2:k2*k73;	k7:k7*k73;	k11:k11*k73;	k42:k42*k73;	k47:k47*k73;	k72:k72*k73;
2 3 4 5 6 7 11 12 13 14 15 16 17 19 22 23 24 25 26 27 28 29 30 31 32 33 34 35 36 37 38 39 40 41 42 44 45 46 47 48 49 50 51 52 53 54 55 56 57 58 59 60 61 62 63 64 65 66 67 68 69 70 72 73 75 77 78 79 80  
allnum:69

res_-1_41_14_0.txt
quadratic:k10:k10*k75;
0 8 9 10 11 12 13 15 20 22 23 24 25 26 28 29 30 31 32 33 34 35 36 37 38 39 40 41 45 46 47 48 49 50 51 52 53 54 55 56 57 58 59 60 61 62 63 64 65 66 67 68 69 70 71 72 73 75 76 77 78 79 80  
allnum:63

res_-1_69_33_3.txt
quadratic:k48:k47*k48;
3 6 8 9 10 11 12 14 16 18 20 21 22 23 24 25 26 27 28 29 30 31 32 33 34 35 36 37 38 39 40 41 43 44 45 46 47 48 49 50 51 52 53 54 55 56 57 58 59 60 61 62 63 64 65 66 67 68 71 73 75 77 79 80  
allnum:64

res_-1_22_19_17.txt
quadratic:k16:k16*k73;	k17:k17*k73;	k53:k53*k73;
1 7 12 16 17 18 22 25 26 27 29 31 32 33 34 35 37 38 39 40 41 42 43 44 45 47 48 49 50 51 52 53 54 55 56 57 58 59 60 61 62 63 64 65 67 68 71 73 75 77 79  
allnum:51

res_-1_63_22_1.txt
quadratic:k12:k12*k73;	k21:k21*k73;	k57:k57*k73;
3 4 5 6 7 12 14 15 16 20 21 22 25 27 28 29 30 31 32 33 34 35 37 38 39 45 46 47 48 49 55 56 57 58 59 60 61 62 63 64 65 69 73 75 76 77 78 79  
allnum:48

res_-1_26_19_17.txt
quadratic:k43:k43*k44;	k44:k43*k44;
7 15 18 20 22 24 26 27 31 32 33 34 35 37 38 39 40 41 43 44 45 46 47 48 49 50 51 52 53 56 57 58 59 60 61 62 63 64 65 66 67 68 73 75 77  
allnum:45

res_-1_22_16_13.txt
quadratic:k25:k25*k73;
0 4 6 8 9 10 13 22 23 24 25 26 28 29 30 31 32 33 34 35 36 37 38 39 40 41 47 48 49 50 51 52 53 54 55 57 58 59 60 61 62 63 64 65 66 67 68 69 70 73 75 77 79 80  
allnum:54

res_-1_69_63_16.txt
quadratic:k12:k12*k75;	k16:k16*k75;	k29:k29*k75;	k56:k56*k57+k56*k75;
6 12 14 16 18 20 22 23 24 26 27 29 31 32 33 39 40 41 43 44 45 46 47 48 49 50 51 52 53 54 55 56 57 58 59 60 61 63 64 65 66 67 68 73 75 77  
allnum:46

res_-1_48_36_13.txt
quadratic:k31:k31*k73;
8 9 10 18 25 29 31 33 34 35 40 43 44 45 52 54 55 56 57 58 59 60 61 63 65 66 67 73 75 77  
allnum:30

res_-1_69_19_10.txt
quadratic:k22:k22*k77;	k49:k49*k77;
3 14 22 28 29 30 31 33 35 39 41 47 48 49 56 57 58 59 60 61 62 73 75 77  
allnum:24

res_-1_53_51_3.txt
quadratic:k3:k3*k73;	k4:k4*k73;	k7:k7*k73;	k16:k16*k73;	k49:k37*k49+k49;
3 4 5 6 7 8 9 10 11 12 13 14 15 16 17 18 20 21 22 23 24 25 26 27 28 29 30 31 33 34 35 36 37 38 39 40 41 42 43 44 45 46 47 48 49 50 51 52 53 54 55 56 57 58 59 60 61 62 63 64 65 66 67 68 71 73 75 77 79 80  
allnum:70

res_-1_69_17_2.txt
quadratic:k6:k6*k14+k6*k77;	k11:k11*k75;	k42:k42*k73;
3 5 6 8 9 10 11 12 14 16 18 20 24 25 26 27 28 29 30 31 32 33 35 36 37 38 39 40 41 42 43 44 45 46 47 49 50 51 52 53 54 55 56 57 58 59 60 61 62 63 64 65 66 67 68 69 73 75 77 79 80  
allnum:61

res_-1_34_31_0.txt
quadratic:k35:k35*k73;
3 4 5 6 22 25 26 28 29 30 31 32 33 35 37 41 47 48 49 56 57 58 59 60 61 62 63 64 65 69 73 75 77 79  
allnum:34

res_-1_76_69_19.txt
quadratic:k69:k69*k77;
3 28 29 30 31 56 57 58 69 73 77  
allnum:11

res_-1_48_13_9.txt
quadratic:k27:k27*k73;
0 4 6 7 8 9 10 11 12 13 15 20 22 25 26 27 28 29 30 31 32 33 34 35 36 37 38 39 40 41 45 46 47 48 49 50 51 52 53 54 55 56 57 58 59 60 61 62 63 65 66 67 68 69 72 73 75 76 77 78 79 80  
allnum:62

res_-1_68_34_2.txt
quadratic:k58:k58*k59;	k59:k58*k59;
8 9 10 18 20 26 33 34 35 36 37 39 40 41 43 44 45 46 47 51 52 53 55 56 58 59 60 61 62 63 64 65 66 67 68 69 73 75 77 79 80  
allnum:41

res_-1_61_50_0.txt
quadratic:k73:k73*k80+k73;
8 9 10 18 20 22 26 35 36 37 40 43 44 45 46 47 48 49 51 52 53 55 60 61 62 63 64 65 66 67 69 73 75 77 80  
allnum:35

res_-1_38_16_0.txt
quadratic:k10:k10*k63;	k27:k27*k73;	k29:k29*k73;	k37:k37*k63;	k56:k56*k73;
6 8 10 24 27 29 31 32 33 34 35 36 37 39 49 50 51 54 55 56 58 59 60 61 62 63 64 65 66 69 73 75 77 79 80  
allnum:35

res_-1_63_25_12.txt
quadratic:k50:k50*k63;
7 8 9 10 11 12 14 16 17 18 20 22 25 26 28 29 31 32 33 34 35 37 39 40 41 42 43 44 45 46 47 48 49 50 51 52 53 54 55 56 57 58 59 60 61 62 63 64 65 66 67 68 69 73 75 76 77 78 79  
allnum:59

res_-1_69_48_9.txt
quadratic:k14:k14*k73;	k73:k14*k73+k25*k73;
6 7 8 9 10 14 18 19 20 21 22 23 24 25 26 32 33 34 35 36 37 39 40 41 43 44 45 46 47 48 49 50 51 52 53 54 55 57 58 59 60 61 62 63 64 65 66 67 68 69 73 75 77 79 80  
allnum:55

res_-1_48_13_6.txt
quadratic:k16:k16*k73;
2 4 5 6 7 8 9 10 12 13 14 15 16 20 21 22 23 26 28 29 30 31 32 33 34 35 37 39 40 41 42 43 45 46 47 48 49 50 52 53 54 55 56 57 58 59 60 61 62 63 64 65 66 67 69 73 74 75 76 77 79  
allnum:61

res_-1_69_63_13.txt
quadratic:k11:k11*k73;	k16:k16*k75;	k26:k26*k73;	k35:k35*k73+k35*k75;	k62:k62*k73+k62*k75;
11 14 16 26 29 33 35 54 55 56 58 59 60 61 62 73 75  
allnum:17

res_-1_69_48_13.txt
quadratic:k11:k11*k73;	k16:k16*k75;	k26:k26*k73;	k35:k35*k73+k35*k75;	k62:k62*k73+k62*k75;
8 9 10 11 14 16 18 20 26 29 33 35 40 43 44 45 46 47 52 54 55 56 58 59 60 61 62 63 65 66 67 69 73 75 77  
allnum:35

res_-1_57_25_8.txt
quadratic:k12:k12*k77;	k54:k54*k77;
8 9 10 11 12 18 20 21 22 23 26 31 33 34 35 36 37 39 40 41 45 46 47 48 49 51 52 53 54 55 57 58 59 60 61 62 63 64 65 66 67 68 69 73 75 77 79 80  
allnum:48

res_-1_39_35_16.txt
quadratic:k12:k12*k77;
6 7 8 9 10 11 12 22 23 24 26 27 31 32 33 34 35 37 38 39 40 41 49 50 51 52 53 54 55 56 57 58 59 60 61 62 63 64 65 66 67 68 69 71 73 75 77 79 80  
allnum:49

res_-1_13_9_3.txt
quadratic:k0:k0*k73;	k11:k11*k73;	k15:k15*k73;	k51:k51*k73;	k54:k54*k55+k54*k73;	k55:k54*k55;	k69:k69*k73;	k72:k72*k73;	k78:k73*k78;	k79:k73*k79;
0 8 9 10 11 12 13 15 20 22 25 26 29 31 32 33 34 35 38 39 40 41 45 46 47 48 49 51 52 53 54 55 56 57 58 59 60 61 62 63 65 66 67 68 69 72 73 75 76 77 78 79 80  
allnum:53

res_-1_61_51_17.txt
quadratic:k2:k2*k73;	k4:k4*k5;	k5:k4*k5;	k11:k11*k73+k11;	k13:k13*k14+k13;	k14:k13*k14+k14;	k25:k25*k73;	k74:k73*k74;
2 4 5 7 8 9 10 11 13 14 15 18 19 20 21 22 23 24 25 26 28 29 30 31 32 33 34 35 36 37 38 39 40 41 42 43 44 45 46 47 48 49 50 51 52 53 54 55 56 57 58 59 60 61 62 63 64 65 66 67 68 69 71 73 74 75 77 79 80  
allnum:69

res_-1_39_13_3.txt
quadratic:k0:k0*k73+k0;	k4:k4*k61+k4*k75;	k5:k5*k61;	k9:k9*k73;	k20:k20*k63+k20*k73;	k71:k71*k73;	k72:k72*k73+k72;	k78:k73*k78+k78;
0 2 3 4 5 6 8 9 11 12 13 14 15 16 17 20 22 23 24 25 26 27 28 29 30 31 32 33 34 35 36 37 38 39 40 41 42 43 44 45 46 47 48 49 50 51 52 53 54 55 56 57 58 59 60 61 62 63 64 65 66 67 68 69 70 71 72 73 74 75 76 77 78 79  
allnum:74

res_-1_36_3_0.txt
quadratic:k16:k16*k73;
10 12 16 18 20 22 25 26 27 29 30 31 33 35 36 37 39 40 41 42 43 44 45 46 47 48 49 50 52 53 54 55 56 57 58 59 60 61 62 63 64 65 66 67 69 71 73 75 77 80  
allnum:50

res_-1_51_18_17.txt
quadratic:k25:k25*k73;
2 6 8 9 10 11 13 15 19 20 21 22 23 25 26 27 28 29 31 32 33 35 36 37 38 39 40 41 42 45 46 47 48 49 50 51 52 53 54 55 56 57 58 59 60 61 62 63 64 65 66 67 68 69 73 74 75 77 79 80  
allnum:60

res_-1_33_19_13.txt
quadratic:k0:k0*k73;	k6:k6*k73;
0 2 3 4 5 6 12 13 14 15 19 20 22 23 24 25 27 28 29 30 31 32 33 34 35 37 38 39 40 41 42 43 44 45 46 47 48 49 50 51 52 53 54 55 56 57 58 59 60 61 62 63 64 65 66 67 68 69 70 72 73 74 75 77 78 79  
allnum:66

res_-1_36_3_1.txt
quadratic:k26:k26*k75;	k64:k64*k75;
8 9 10 12 20 25 26 27 29 30 31 33 35 36 37 39 40 45 46 47 50 52 54 55 56 57 58 59 60 61 62 63 64 65 66 67 69 71 73 75 77  
allnum:41

res_-1_48_41_22.txt
quadratic:k12:k12*k75;	k18:k18*k73;	k27:k27*k73+k27*k75;	k45:k45*k73;	k65:k65*k73;
12 18 25 27 29 31 33 35 43 44 45 52 53 54 55 56 58 59 60 61 62 63 65 73 75 77  
allnum:26

res_-1_41_22_3.txt
quadratic:k12:k12*k73;	k27:k27*k73;
4 5 6 12 13 14 15 25 27 29 30 31 33 35 37 42 48 54 55 56 57 58 59 60 61 62 63 65 69 73 75 77  
allnum:32

res_-1_63_51_22.txt
quadratic:k33:k33*k75;	k60:k60*k75;
33 58 59 60 73 75  
allnum:6

res_-1_63_39_38.txt
quadratic:k30:k29*k30;	k35:k35*k75;	k62:k62*k75;
4 8 9 10 20 25 27 29 30 31 33 35 45 46 47 52 54 55 56 57 58 59 60 61 62 63 73 75  
allnum:28

res_-1_53_17_9.txt
quadratic:k2:k2*k73;	k23:k23*k73;	k25:k25*k73;	k32:k32*k73;	k50:k50*k73;	k62:k62*k73;	k74:k73*k74;
2 8 9 10 11 12 13 15 20 22 23 25 29 31 32 33 35 36 37 38 39 40 41 45 46 47 48 49 50 52 54 55 56 57 58 59 60 61 62 63 65 66 67 73 74 75 77  
allnum:47

res_-1_69_17_16.txt
quadratic:k25:k25*k73;
7 9 14 16 20 21 22 23 24 25 29 30 31 32 33 34 41 45 46 47 48 49 50 51 54 55 56 57 58 59 60 63 65 69 73 75 77  
allnum:37

res_-1_15_13_8.txt
quadratic:k1:k1*k73;	k11:k11*k73;	k15:k15*k75;	k19:k19*k73;	k20:k20*k73;	k71:k71*k73;	k79:k73*k79;
0 1 2 4 5 11 12 13 14 15 17 19 20 21 22 23 24 25 26 28 29 30 31 32 33 35 38 39 40 41 42 43 44 45 46 47 48 49 50 51 53 54 55 56 57 58 59 60 61 62 63 65 66 68 71 73 74 75 76 77 79  
allnum:61

res_-1_53_22_17.txt
quadratic:k63:k63*k73+k63;	k79:k73*k79;
25 29 31 33 35 37 39 40 41 54 55 56 57 58 59 60 61 62 63 65 66 67 73 75 77 79  
allnum:26

res_-1_15_12_8.txt
quadratic:k13:k13*k73;	k29:k29*k73;
13 18 20 21 22 23 26 29 31 33 39 40 41 43 44 45 46 47 48 49 51 52 53 54 55 56 57 58 59 60 61 63 64 65 66 67 68 69 73 75 77  
allnum:41

res_-1_39_18_13.txt
quadratic:k4:k4*k73;	k11:k11*k73;	k26:k26*k73;	k32:k31*k32;	k35:k35*k73+k35*k75;	k41:k41*k73;	k62:k62*k73+k62*k75;
4 6 11 12 20 23 26 29 30 31 32 33 35 41 45 46 47 48 49 50 58 59 60 61 62 63 65 73 75 76 77  
allnum:31

res_-1_25_17_8.txt
quadratic:k38:k38*k73;
13 26 31 33 35 37 38 39 41 56 57 58 59 60 61 62 63 64 65 69 73 75 77  
allnum:23

res_-1_51_39_3.txt
quadratic:k25:k25*k75;
8 9 10 18 20 22 25 26 27 31 33 35 36 37 39 40 41 42 43 44 45 46 47 51 52 53 55 56 57 58 59 60 61 62 63 64 65 66 67 68 69 73 75 77 79  
allnum:45

res_-1_22_19_1.txt
quadratic:k64:k64*k73;
0 4 8 9 10 18 22 23 24 25 26 29 30 31 33 35 37 40 43 44 45 47 48 49 52 54 55 56 57 58 59 60 61 62 63 64 65 66 67 69 73 75 76 77 79  
allnum:45

res_-1_53_50_17.txt
quadratic:k15:k15*k38+k15;	k25:k25*k73;
0 11 13 15 20 25 26 27 29 30 31 33 35 38 39 40 41 45 46 47 51 52 53 54 55 56 57 58 59 60 61 62 63 64 65 66 67 68 69 72 73 75 77 79  
allnum:44

res_-1_69_63_25.txt
quadratic:k11:k11*k25+k11;	k16:k16*k75;	k22:k22*k75+k22;	k26:k25*k26+k26;	k34:k34*k35;	k49:k49*k75+k49;	k76:k76*k77;
0 8 9 10 11 12 13 14 15 16 20 22 25 26 28 31 32 33 34 35 38 39 40 41 45 46 47 48 49 50 51 52 53 54 55 56 57 58 59 60 61 62 63 65 66 67 68 69 71 72 73 75 76 77 78  
allnum:55

res_-1_69_15_9.txt
quadratic:k35:k35*k75;	k58:k58*k59;	k59:k58*k59;	k62:k62*k75;	k73:k73*k77+k73;
8 9 10 20 25 33 35 40 45 46 47 52 58 59 60 61 62 63 65 66 67 73 75 77  
allnum:24

res_-1_38_35_10.txt
quadratic:k73:k63*k73+k73;
8 24 25 29 31 33 34 35 37 38 39 54 55 56 57 58 59 60 62 63 64 65 66 73 75 77  
allnum:26

res_-1_23_21_17.txt
quadratic:k12:k12*k73;	k42:k42*k73+k42;
12 25 26 29 30 31 33 35 37 38 39 40 41 42 51 52 53 54 55 56 57 58 59 60 61 62 63 64 65 66 67 68 69 73 75 77 79  
allnum:37

res_-1_53_26_9.txt
quadratic:k75:k63*k75;
20 37 40 45 46 47 62 63 64 65 66 67 73 75 77  
allnum:15

res_-1_17_13_1.txt
quadratic:k67:k30*k67;
11 12 13 22 25 29 30 31 33 35 37 38 39 40 47 48 49 54 55 56 57 58 59 60 61 62 63 64 65 67 73 75 76 77  
allnum:34

res_-1_39_35_0.txt
quadratic:k65:k65*k77;	k77:k65*k77;
31 33 56 57 58 59 60 63 65 73 75 77  
allnum:12

res_-1_35_2_0.txt
quadratic:k18:k18*k75+k18;	k33:k33*k73;	k45:k45*k75+k45;
3 18 28 29 30 31 33 35 40 43 44 45 54 55 56 57 58 59 60 61 62 63 65 66 67 69 73 75 77  
allnum:29

res_-1_21_13_10.txt
quadratic:k11:k11*k73;	k37:k37*k77;	k41:k41*k73;	k64:k64*k77;	k69:k69*k77;
4 8 11 15 17 20 26 28 29 30 31 33 34 35 37 39 41 42 43 44 45 46 47 53 54 55 56 57 58 59 60 61 62 63 64 65 68 69 73 75 77 79  
allnum:42

res_-1_39_22_17.txt
quadratic:k27:k27*k73;
7 8 9 12 19 20 21 25 27 29 30 31 32 33 34 35 36 37 38 39 46 47 48 54 55 56 57 58 59 60 61 62 63 65 69 73 75 77 79  
allnum:39

res_-1_63_38_9.txt
quadratic:k4:k4*k59;	k31:k31*k59;
4 8 9 10 20 25 26 29 30 31 33 35 36 37 39 40 41 45 46 47 51 52 53 54 55 56 58 59 60 61 62 63 64 65 66 67 68 73 75 77 78 79  
allnum:42

res_-1_63_41_38.txt
quadratic:k27:k27*k61;
25 27 29 31 33 35 54 55 56 57 58 59 60 61 62 63 65 73 75  
allnum:19

res_-1_68_38_15.txt
quadratic:k38:k38*k73;
8 9 10 11 13 18 20 22 23 24 25 26 28 29 30 31 33 34 35 36 37 38 39 40 41 43 44 45 46 47 49 50 51 52 53 54 55 56 57 58 59 60 61 62 63 64 65 66 67 68 69 70 71 73 75 77 79 80  
allnum:58

res_-1_39_1_0.txt
quadratic:k2:k2*k73;	k5:k5*k73;	k22:k22*k77+k22;	k23:k23*k73;	k25:k25*k73;	k50:k50*k73;	k74:k73*k74;
2 5 10 11 12 13 15 20 22 23 24 25 26 28 30 31 33 35 38 39 40 41 45 46 47 48 49 50 51 52 53 54 55 56 57 58 59 60 61 62 63 64 65 66 67 68 69 70 73 74 75 77 79  
allnum:53

res_-1_38_35_0.txt
quadratic:k31:k31*k75;	k58:k58*k75;
31 56 57 58 63 75  
allnum:6

res_-1_15_13_1.txt
quadratic:k37:k37*k73;	k64:k64*k73;
12 31 37 39 56 57 58 59 61 62 63 64 65 73 75 77  
allnum:16

res_-1_63_26_9.txt
quadratic:k4:k4*k25;	k13:k13*k73;	k22:k22*k73;	k49:k49*k73;
0 4 9 11 13 15 22 25 26 28 29 30 31 32 33 34 35 38 39 40 41 47 48 49 51 52 53 54 55 56 57 58 59 60 61 62 65 66 67 68 69 72 73 75 76 77 78  
allnum:47

res_-1_39_19_13.txt
quadratic:k3:k3*k73;	k32:k32*k33;
3 7 12 28 29 30 31 32 33 34 35 39 40 41 53 54 55 56 57 58 59 60 61 62 65 66 67 69 73 75 76 77  
allnum:32

res_-1_53_25_13.txt
quadratic:k33:k33*k75;
33 35 38 41 58 59 60 61 62 73 75 77  
allnum:12

res_-1_37_33_17.txt
quadratic:k6:k6*k77;	k12:k12*k73+k12*k77;
3 4 5 6 8 9 10 12 16 17 18 20 23 25 26 27 28 29 30 31 32 33 35 36 37 39 40 41 42 43 44 45 46 47 48 49 50 51 52 53 54 55 56 57 58 59 60 61 62 63 64 65 66 67 68 69 70 71 73 75 76 77 79  
allnum:63

res_-1_69_15_10.txt
quadratic:k13:k13*k14+k13*k77;	k34:k34*k35;	k76:k76*k77;
0 9 10 11 12 13 14 16 19 20 21 22 23 24 25 26 29 31 32 33 34 35 36 37 38 39 40 41 45 46 47 48 49 50 51 52 53 54 55 56 57 58 59 60 61 62 63 64 65 66 67 68 69 71 72 73 75 76 77 78  
allnum:60

res_-1_26_15_9.txt
quadratic:k25:k25*k73;	k38:k38*k39;	k48:k47*k48;	k73:k25*k73+k39*k73;
13 20 22 23 24 25 26 28 31 38 39 40 41 45 46 47 48 49 51 52 53 54 56 57 58 59 61 63 65 66 67 68 69 70 73 75 77  
allnum:37

res_-1_41_39_10.txt
quadratic:k8:k8*k73;	k17:k17*k73;	k44:k44*k73;
0 8 9 11 12 13 15 17 20 22 25 26 29 31 32 33 34 35 37 38 39 40 41 42 43 44 45 46 47 48 49 50 51 52 53 54 55 56 57 58 59 60 61 62 63 64 65 66 67 68 69 71 72 73 75 76 77 78 79  
allnum:59

res_-1_37_2_1.txt
quadratic:k13:k13*k73+k13;	k25:k25*k75;
3 8 9 10 11 13 15 18 20 22 25 26 27 28 29 30 31 33 34 35 36 37 38 39 40 41 43 44 45 46 47 48 49 51 52 53 54 55 56 57 58 59 60 61 62 63 64 65 66 67 68 69 73 75 77 79  
allnum:56

res_-1_40_22_17.txt
quadratic:k2:k2*k73+k2*k75;	k4:k4*k5;	k5:k4*k5;	k11:k11*k12;	k14:k13*k14;	k74:k73*k74+k74*k75;
0 2 4 5 6 7 8 9 11 12 13 14 15 16 17 18 19 20 21 22 23 24 25 26 27 28 29 30 31 32 33 34 35 36 37 38 39 40 41 42 43 44 45 47 48 49 50 51 52 53 54 55 56 57 58 59 60 61 62 63 64 65 66 67 68 69 70 72 73 74 75 76 77 78 79 80  
allnum:76

res_-1_51_15_4.txt
quadratic:k33:k33*k75+k33;	k35:k35*k39+k35;
33 35 37 39 58 59 60 61 62 63 64 65 73 75 77  
allnum:15

res_-1_38_2_1.txt
quadratic:k27:k27*k73;	k48:k48*k75;
3 8 9 10 20 24 25 26 27 28 29 30 31 33 34 35 36 37 39 40 41 45 46 47 48 49 50 51 52 53 54 55 56 58 59 60 61 62 63 64 65 66 67 68 73 75 76 77 79  
allnum:49

res_-1_22_1_0.txt
quadratic:k25:k25*k73+k25;	k33:k33*k73+k33*k75;	k37:k37*k73;	k64:k64*k73;
22 25 27 30 33 35 37 47 48 49 58 59 60 61 62 63 64 65 69 73 75 77 79  
allnum:23

res_-1_36_2_1.txt
quadratic:k25:k25*k73;
8 9 10 20 22 25 27 35 36 37 39 45 46 47 48 49 52 53 54 61 63 65 73 75 77  
allnum:25

res_-1_69_40_25.txt
quadratic:k20:k20*k77;	k47:k47*k77;
20 45 46 47 75 77  
allnum:6

res_-1_22_19_0.txt
quadratic:k4:k4*k5+k4*k73;	k5:k4*k5;	k13:k13*k14;	k14:k13*k14;	k26:k26*k73;	k56:k56*k73;
4 5 6 8 9 10 13 14 15 22 25 26 29 30 31 33 35 40 47 48 49 50 51 52 56 57 58 59 60 61 62 63 65 66 67 73 75 77 80  
allnum:39

res_-1_26_17_13.txt
quadratic:k0:k0*k73;	k9:k9*k73;	k12:k12*k73;	k45:k45*k46;	k46:k45*k46;	k51:k51*k73;	k69:k69*k73;	k71:k71*k73;	k72:k72*k73;	k78:k73*k78;
0 2 9 11 12 15 20 22 23 25 26 29 30 31 32 33 34 35 38 39 40 41 45 46 47 48 49 50 51 52 53 54 55 56 57 58 59 60 61 62 63 65 66 67 68 69 71 72 73 74 75 76 77 78  
allnum:54

res_-1_26_15_8.txt
quadratic:k33:k33*k77;	k38:k38*k39;	k48:k47*k48;	k60:k60*k77;	k73:k39*k73+k73*k75;	k75:k73*k75;
8 9 10 13 18 20 21 22 23 26 33 35 36 37 38 39 40 41 43 44 45 46 47 48 49 51 52 53 58 59 60 61 63 64 65 66 67 68 73 75 77  
allnum:41

res_-1_69_40_15.txt
quadratic:k11:k11*k25+k11;	k22:k22*k77+k22;	k26:k25*k26+k26;	k34:k34*k35;	k41:k25*k41+k41;	k49:k49*k77+k49;	k53:k52*k53;	k76:k76*k77;
0 8 9 10 11 12 13 14 15 16 18 20 22 25 26 31 32 33 34 35 36 37 38 39 40 41 43 44 45 46 47 48 49 50 51 52 53 54 56 57 58 59 60 61 62 63 65 66 67 68 69 71 72 73 75 76 77 78  
allnum:58

res_-1_63_51_26.txt
quadratic:k33:k33*k75;	k60:k60*k75;	k77:k75*k77;
29 33 37 39 54 55 56 58 59 60 62 63 64 65 73 75 77 79  
allnum:18

res_-1_63_35_9.txt
quadratic:k18:k18*k63;	k20:k20*k63;	k30:k29*k30;
4 12 13 14 18 20 22 28 29 30 31 33 38 39 40 41 43 44 45 46 47 48 49 53 54 55 56 57 58 59 60 61 63 73 75  
allnum:35

res_-1_34_2_0.txt
quadratic:k35:k35*k75;	k62:k62*k75;
31 35 56 57 58 60 61 62 65 73 75 77  
allnum:12

res_-1_63_35_33.txt
quadratic:k63:k62*k63;
6 8 12 25 30 31 32 33 34 35 37 40 56 57 58 59 60 61 62 63 64 65 66 67 69 73 75  
allnum:27

res_-1_22_19_13.txt
quadratic:k79:k75*k79;
25 31 33 35 37 56 57 58 59 60 61 62 65 69 73 75 77 79  
allnum:18

res_-1_50_17_4.txt
quadratic:k6:k6*k75;	k40:k40*k77;	k48:k48*k75;
4 5 6 7 27 31 32 33 34 35 38 40 48 52 53 54 56 57 58 59 60 61 62 65 73 75 77  
allnum:27

res_-1_39_17_15.txt
quadratic:k25:k25*k73;
3 25 28 29 30 31 33 54 55 56 57 58 59 60 65 73 75  
allnum:17

res_-1_33_15_8.txt
quadratic:k37:k37*k73;
12 13 21 22 23 25 26 28 29 31 33 37 38 39 40 41 51 52 53 54 55 56 57 58 59 60 61 62 63 64 65 66 67 68 69 73 75 77 79  
allnum:39

res_-1_22_17_8.txt
quadratic:k39:k39*k73;
11 19 20 21 25 26 31 33 35 37 39 40 51 52 53 55 56 57 58 59 60 61 62 63 64 65 66 67 69 73 75 77 79  
allnum:33

res_-1_63_38_8.txt
quadratic:k11:k11*k73;	k25:k25*k73;	k71:k71*k73;
4 5 6 8 9 10 11 13 14 15 16 17 20 22 23 24 25 26 28 29 30 31 32 33 34 35 36 38 39 40 41 42 43 44 45 46 47 48 49 50 51 52 53 54 55 56 57 58 59 60 61 62 63 65 67 68 69 71 73 75 76 77 78 79 80  
allnum:65

res_-1_68_37_13.txt
quadratic:k35:k35*k75;	k62:k62*k75;
35 60 61 62 73 75  
allnum:6

res_-1_69_25_15.txt
quadratic:k11:k11*k25+k11;	k34:k34*k35;	k49:k49*k77+k49;	k76:k76*k77;
0 9 10 11 12 13 15 19 20 21 22 23 24 25 26 31 32 33 34 35 36 37 38 39 40 41 45 46 47 48 49 50 51 52 53 54 56 57 58 59 60 61 62 63 64 65 66 67 68 69 71 72 73 75 76 77 78  
allnum:57

res_-1_51_50_3.txt
quadratic:k6:k6*k73+k6;	k15:k15*k73+k15;	k76:k76*k77;
0 6 7 8 9 10 11 12 15 18 19 20 21 22 23 24 25 26 27 28 29 30 31 32 33 34 35 36 37 38 39 40 41 42 43 44 45 46 47 48 49 50 51 52 53 54 55 56 57 58 59 60 61 62 63 64 65 66 67 68 69 71 72 73 75 76 77 78 79 80  
allnum:70

res_-1_66_39_13.txt
quadratic:k22:k22*k73;	k25:k25*k73;	k40:k40*k73;	k49:k49*k73;
6 11 12 22 24 25 26 28 31 32 33 35 38 39 40 41 47 48 49 53 54 55 56 57 58 59 60 61 62 66 67 68 69 70 73 75 77  
allnum:37

res_-1_51_50_15.txt
quadratic:k2:k2*k73;	k4:k4*k5;	k5:k4*k5;	k11:k11*k73+k11;	k13:k13*k14+k13;	k14:k13*k14+k14;	k25:k25*k73;	k32:k31*k32+k32*k73;	k50:k50*k73;	k74:k73*k74;
2 4 5 8 9 10 11 13 14 15 18 19 20 21 22 23 24 25 26 28 29 30 31 32 33 35 36 37 38 39 40 41 42 43 44 45 46 47 48 49 50 51 52 53 54 55 56 57 58 59 60 61 62 63 64 65 66 67 68 69 73 74 75 77  
allnum:64

res_-1_25_8_2.txt
quadratic:k62:k62*k73;
8 9 10 20 22 25 26 31 33 34 35 39 41 45 46 47 48 49 50 51 52 53 56 57 58 59 60 61 62 63 65 69 73 75 77 79  
allnum:36

res_-1_33_25_17.txt
quadratic:k17:k17*k73;
0 3 5 6 7 8 9 10 12 13 14 15 16 17 18 19 21 22 23 24 25 26 27 28 29 30 31 32 33 34 35 36 37 38 39 40 41 42 43 44 45 46 47 48 49 50 51 52 53 54 55 56 57 58 59 60 61 62 63 64 65 66 67 68 69 70 72 73 75 77 79 80  
allnum:72

res_-1_68_39_9.txt
quadratic:k29:k29*k30;	k30:k29*k30;
4 6 7 8 9 10 12 13 18 20 22 24 26 29 30 31 33 34 35 36 37 38 39 40 41 43 44 45 46 47 48 49 50 51 52 53 54 55 56 57 58 59 60 61 62 63 64 65 66 67 68 73 75 77 79 80  
allnum:56

res_-1_51_37_33.txt
quadratic:k62:k62*k63;
8 9 10 18 20 27 33 34 35 37 43 44 45 46 47 52 53 54 61 62 63 64 77  
allnum:23

res_-1_40_39_9.txt
quadratic:k26:k26*k73;	k73:k26*k73+k63*k73;
8 9 10 12 20 22 26 33 34 35 36 37 39 40 45 46 47 48 49 52 55 58 59 60 61 62 63 64 65 66 67 73 75 77 79  
allnum:35

res_-1_66_35_33.txt
quadratic:k63:k62*k63;
6 8 12 14 15 16 25 31 32 33 34 35 37 40 56 57 58 59 60 61 62 63 64 65 66 67 69 73 75 77 79  
allnum:31

res_-1_41_26_15.txt
quadratic:k62:k62*k75;
1 10 16 20 22 33 35 36 37 45 46 47 48 49 55 58 59 60 61 62 63 65 73 75 77 79  
allnum:26

res_-1_55_34_15.txt
quadratic:k59:k58*k59;
18 20 26 31 33 35 43 44 45 46 47 51 52 53 56 57 58 59 60 61 62 63 65 73 75 77  
allnum:26

res_-1_69_39_3.txt
quadratic:k24:k24*k75;	k69:k69*k75;
8 9 10 11 14 16 18 19 20 21 22 23 24 25 26 29 31 33 34 35 36 37 38 39 40 41 43 44 45 46 47 48 49 50 51 52 53 54 55 56 57 58 59 60 61 62 63 64 65 66 67 68 69 71 73 75 77 79 80  
allnum:59

res_-1_68_39_13.txt
quadratic:k25:k25*k73;	k39:k39*k73;	k79:k77*k79;
8 9 10 11 25 31 33 34 35 37 39 41 52 56 57 58 59 60 61 62 63 64 65 69 73 75 77 79  
allnum:28

res_-1_53_15_9.txt
quadratic:k2:k2*k73;	k23:k23*k73;	k25:k25*k73;	k32:k32*k73;	k50:k50*k73;	k74:k73*k74;
2 8 9 10 11 12 13 15 18 20 22 23 25 29 31 32 33 35 36 37 38 39 40 41 45 46 47 48 49 50 52 54 55 56 57 58 59 60 61 62 63 64 65 66 67 73 74 75 77  
allnum:49

res_-1_61_41_8.txt
quadratic:k42:k42*k73;
6 8 9 10 12 15 21 22 24 25 26 27 28 29 30 31 32 33 34 35 37 38 39 40 41 42 47 48 49 50 51 52 53 54 55 56 57 58 59 60 61 62 63 64 65 66 67 68 69 73 75 77 79 80  
allnum:54

res_-1_57_39_13.txt
quadratic:k13:k13*k75;
8 9 10 11 12 13 15 17 18 20 22 23 24 25 26 27 28 29 31 33 34 35 37 38 39 41 42 43 44 45 46 47 48 49 50 51 52 53 54 55 56 57 58 59 60 61 62 63 64 65 66 68 73 75 76 77  
allnum:56

res_-1_35_2_1.txt
quadratic:k12:k12*k75+k12;	k21:k21*k75;	k24:k24*k75;	k37:k37*k73;	k41:k41*k75;	k51:k51*k75;	k64:k64*k73;
3 8 9 10 12 18 21 24 25 27 28 29 30 31 33 34 35 37 38 40 41 43 44 45 49 50 51 52 53 54 55 56 57 58 59 60 61 62 63 64 65 66 67 69 73 75 77  
allnum:47

res_-1_53_41_37.txt
quadratic:k25:k25*k73;	k75:k61*k75+k75;
25 31 33 56 57 58 59 60 61 73 75 77  
allnum:12

res_-1_17_13_9.txt
quadratic:k0:k0*k73;	k9:k9*k73;	k11:k11*k73;	k15:k15*k73;	k51:k51*k73;	k54:k54*k55+k54*k73;	k55:k54*k55;	k69:k69*k73;	k72:k72*k73;	k78:k73*k78;
0 9 11 12 13 15 22 25 26 29 31 32 33 34 35 38 39 40 47 48 49 51 52 53 54 55 56 57 58 59 60 61 62 63 65 66 67 68 69 72 73 75 76 77 78  
allnum:45

res_-1_38_2_0.txt
quadratic:k3:k3*k73+k3*k75;	k30:k30*k73+k30*k75;
3 8 9 10 20 25 26 28 29 30 31 33 35 36 37 39 40 41 45 46 47 51 52 53 54 55 56 58 59 60 61 62 63 64 65 66 67 68 73 75 77  
allnum:41

res_-1_21_17_13.txt
quadratic:k16:k16*k73;
0 2 3 4 5 6 7 8 9 11 12 13 14 15 16 17 18 19 21 22 23 24 25 26 27 28 29 30 31 32 33 34 35 36 37 38 39 40 41 42 43 44 45 46 47 48 49 50 51 52 53 54 55 56 57 58 59 60 61 62 63 64 65 66 67 68 69 70 71 72 73 74 75 77 78 79  
allnum:76

res_-1_39_26_3.txt
quadratic:k42:k42*k43;	k50:k50*k73+k50;	k71:k71*k73;
0 3 4 5 6 7 8 9 10 11 13 14 15 16 17 18 20 21 22 24 25 26 28 29 30 31 32 33 34 35 36 37 39 40 41 42 43 44 45 46 47 48 49 50 52 54 55 56 57 58 59 60 61 62 63 64 65 66 67 68 71 73 75 76 77 79  
allnum:66

res_-1_39_13_2.txt
quadratic:k0:k0*k73+k0;	k4:k4*k75;	k9:k9*k73;	k13:k13*k75+k13;	k20:k20*k63+k20*k73;	k51:k51*k73+k51;	k71:k71*k73;	k72:k72*k73+k72;	k78:k73*k78+k78;	k79:k73*k79;
0 2 4 6 8 9 11 12 13 15 17 20 22 23 24 25 26 27 28 29 30 31 32 33 34 35 36 38 39 40 41 42 43 44 45 46 47 48 49 50 51 52 53 54 55 56 57 58 59 60 61 62 63 65 66 67 68 69 70 71 72 73 74 75 76 77 78 79  
allnum:68

res_-1_34_33_15.txt
quadratic:k0:k0*k68;	k11:k11*k23+k11;
0 1 3 4 5 6 11 12 13 14 15 17 18 19 20 21 22 23 24 25 26 27 28 29 30 31 32 33 35 37 38 39 40 41 42 43 44 45 46 47 48 49 50 51 52 53 54 55 56 57 58 59 60 61 62 63 64 65 66 67 68 69 70 71 72 73 74 75 76 77 79  
allnum:71

res_-1_68_34_15.txt
quadratic:k59:k58*k59;
18 20 26 31 33 43 44 45 46 47 56 57 58 59 60 63 65 73 75 77  
allnum:20

res_-1_23_21_15.txt
quadratic:k12:k12*k73;	k42:k42*k73+k42;	k63:k38*k63+k39*k63;
12 25 26 29 31 33 35 37 38 39 40 41 42 51 52 53 54 55 56 57 58 59 60 61 62 63 64 65 66 67 68 69 73 75 77 79  
allnum:36

res_-1_63_35_8.txt
quadratic:k6:k6*k73;	k7:k7*k73;
0 4 6 7 9 12 13 15 22 25 26 27 28 29 30 31 32 33 34 35 37 38 39 40 41 42 47 48 49 51 52 53 54 55 56 57 58 59 60 61 62 63 64 65 66 67 68 69 72 73 75 76 77 78 79  
allnum:55

res_-1_68_38_17.txt
quadratic:k38:k38*k73;
3 8 9 10 11 20 22 23 24 25 26 27 28 29 30 31 33 35 36 37 38 39 40 41 45 46 47 51 52 53 54 55 56 57 58 59 60 61 62 63 64 65 66 67 68 69 70 71 73 75 77 79 80  
allnum:53

res_-1_69_9_2.txt
quadratic:k58:k58*k59;	k59:k58*k59;	k73:k73*k77+k73;
7 8 9 10 11 18 20 21 22 23 24 25 26 33 34 35 36 37 38 40 41 43 44 45 46 47 49 50 51 52 53 54 55 58 59 60 61 62 63 64 65 66 67 68 73 74 75 77 79 80  
allnum:50

res_-1_66_17_9.txt
quadratic:k13:k13*k24+k13;	k49:k24*k49+k49;
4 5 6 12 13 16 22 23 24 26 28 29 30 31 33 35 37 38 39 40 41 47 48 49 50 51 52 53 54 55 56 57 58 59 60 61 62 63 64 65 66 67 68 69 71 73 75 77 79  
allnum:49

res_-1_53_40_0.txt
quadratic:k73:k73*k80+k73;	k80:k73*k80;
8 9 10 11 12 20 22 33 34 35 40 45 46 47 48 49 52 54 60 61 62 63 65 66 67 73 75 77 80  
allnum:29

res_-1_22_18_0.txt
quadratic:k26:k26*k73;	k33:k33*k73;	k56:k56*k73;
8 9 10 22 23 24 25 26 33 35 37 38 39 40 47 48 49 50 51 52 55 56 58 59 60 61 62 63 64 65 66 67 73 75 77 80  
allnum:36

res_-1_39_17_1.txt
quadratic:k37:k37*k75;	k79:k77*k79;
0 2 3 4 5 9 11 12 13 14 15 16 18 21 22 23 24 25 26 28 29 30 31 32 33 34 35 36 37 38 39 40 41 42 43 44 45 47 48 49 50 51 52 53 54 55 56 57 58 59 60 61 62 63 64 65 66 67 68 69 71 72 73 74 75 76 77 78 79  
allnum:69

res_-1_38_18_15.txt
quadratic:k27:k27*k73;
6 8 9 10 18 19 20 21 22 23 24 25 26 27 28 29 31 32 33 34 35 36 37 38 39 40 41 43 44 45 46 47 48 49 50 51 52 53 54 55 56 57 58 59 60 61 62 63 64 65 66 67 68 69 70 71 73 75 77 79 80  
allnum:61

res_-1_41_25_8.txt
quadratic:k33:k33*k73;
33 35 58 59 60 61 62 63 65 73 75 77  
allnum:12

res_-1_18_15_13.txt
quadratic:k2:k2*k73;	k21:k21*k73;	k24:k24*k73;	k27:k27*k73;	k36:k36*k73;	k74:k73*k74;
0 2 4 5 6 9 11 12 13 14 15 20 21 22 23 24 25 26 27 28 29 30 31 32 33 34 35 36 37 38 39 40 41 45 46 47 48 49 50 51 52 53 54 55 56 57 58 59 60 61 62 63 64 65 66 67 68 69 71 72 73 74 75 76 77 78 79  
allnum:67

res_-1_68_15_9.txt
quadratic:k25:k25*k73;	k38:k38*k39;
8 9 10 12 13 14 18 20 22 25 29 31 33 35 36 37 38 39 40 45 46 47 48 49 52 54 55 56 57 58 59 60 61 62 63 64 65 66 67 73 75 77  
allnum:42

res_-1_38_37_15.txt
quadratic:k0:k0*k1+k0*k73;	k1:k0*k1;	k22:k22*k73;	k72:k72*k73;	k78:k73*k78;
0 1 2 8 9 10 11 13 18 19 20 21 22 24 25 26 29 30 31 32 33 34 35 36 37 38 39 40 41 43 44 45 46 47 48 49 50 51 52 53 54 55 56 57 58 59 60 61 62 63 64 65 66 67 68 69 71 72 73 74 75 76 77 78 79 80  
allnum:66

res_-1_66_25_9.txt
quadratic:k63:k63*k73+k63*k77;	k73:k63*k73+k73;	k77:k63*k77;
63 73 77  
allnum:3

res_-1_23_17_9.txt
quadratic:k63:k63*k75;
6 7 8 12 33 35 50 58 59 60 61 62 63 65 75 77 79  
allnum:17

res_-1_53_26_17.txt
quadratic:k12:k12*k73;
12 15 22 26 31 33 35 38 39 40 41 47 48 49 51 52 53 56 57 58 59 60 61 62 63 64 65 66 67 68 73 75 77  
allnum:33

res_-1_63_41_26.txt
quadratic:k0:k0*k75;	k6:k6*k73;	k8:k8*k73+k8*k75;	k9:k9*k75;	k15:k15*k73;	k17:k17*k73+k17*k75;	k20:k20*k73+k20*k75;	k47:k47*k73+k47*k75;	k71:k71*k75;	k72:k72*k75;	k74:k73*k74+k74*k75;
0 1 4 5 6 8 9 10 11 12 13 14 15 16 17 20 21 22 23 24 25 26 27 28 29 30 31 32 33 34 35 36 38 39 40 41 42 43 45 46 47 48 49 50 51 52 53 54 55 56 57 58 59 60 61 62 63 64 65 66 67 68 69 70 71 72 73 74 75 76 77 78 79 80  
allnum:74

res_-1_66_38_15.txt
quadratic:k38:k38*k39;	k48:k47*k48;
0 3 8 9 10 13 14 16 17 18 19 20 22 23 24 25 26 27 28 29 30 31 32 33 34 35 36 37 38 39 40 41 42 43 44 45 46 47 48 49 50 51 52 53 54 55 56 57 58 59 60 61 62 63 64 65 66 67 68 69 70 71 72 73 75 76 77 78 79 80  
allnum:70

res_-1_35_18_0.txt
quadratic:k0:k0*k73;	k11:k11*k73;	k12:k12*k73;	k24:k24*k73;	k28:k28*k75+k28;	k29:k29*k75;	k30:k30*k73+k30*k75;	k41:k41*k73+k41*k75;	k57:k56*k57;
0 8 9 10 11 12 18 20 24 26 28 29 30 31 33 34 35 37 40 41 45 46 47 51 52 53 54 55 56 57 58 59 61 62 63 64 65 66 67 69 73 75 77 80  
allnum:44

res_-1_34_19_0.txt
quadratic:k3:k3*k73+k3*k75;	k7:k7*k73;	k34:k34*k73;	k35:k35*k73;	k62:k62*k73;	k63:k63*k73;	k76:k73*k76;	k79:k73*k79;
3 5 6 7 12 14 15 16 22 23 25 26 28 29 30 31 33 34 35 39 41 42 43 47 48 49 50 51 52 53 54 55 56 57 58 59 60 61 62 63 65 66 67 68 69 70 72 73 75 76 77 79  
allnum:52

res_-1_17_15_9.txt
quadratic:k28:k28*k29;	k29:k28*k29;
3 28 29 30  
allnum:4

res_-1_37_25_13.txt
quadratic:k35:k35*k75;	k62:k62*k75;
31 33 35 56 57 58 59 60 61 62 63 69 73 75 77  
allnum:15

res_-1_53_35_15.txt
quadratic:k50:k50*k73+k50;	k71:k71*k73+k71;
0 6 8 9 10 12 13 15 20 21 22 25 26 27 28 29 30 31 32 33 35 36 37 38 39 40 41 42 45 46 47 48 49 50 51 52 53 54 55 56 57 58 59 60 61 62 63 64 65 66 67 68 69 70 71 72 73 75 77 79  
allnum:60

res_-1_41_9_3.txt
quadratic:k24:k24*k73;	k30:k30*k73;	k51:k51*k73;	k64:k64*k73;
6 8 9 10 11 13 20 22 24 25 26 29 30 31 32 33 35 36 37 38 39 40 41 45 46 47 48 49 50 51 52 54 55 56 57 58 59 60 61 62 63 64 65 66 67 73 75 77 79  
allnum:49

res_-1_50_39_3.txt
quadratic:k25:k25*k75;
8 9 10 18 20 24 25 26 27 29 31 33 35 37 38 39 40 41 42 43 44 45 46 47 49 50 51 52 53 54 55 56 57 58 59 60 61 62 63 64 65 66 67 68 69 73 75 77 79  
allnum:49

res_-1_69_55_15.txt
quadratic:k22:k22*k77+k22;	k34:k34*k35;	k76:k76*k77;
0 8 9 10 11 12 13 15 16 18 20 22 24 25 26 27 29 31 32 33 34 35 37 38 39 40 41 43 44 45 46 47 48 49 50 51 52 53 54 55 56 57 58 59 60 61 62 63 64 65 66 67 68 69 71 72 73 75 76 77 78  
allnum:61

res_-1_66_38_17.txt
quadratic:k38:k38*k39;	k48:k47*k48;
0 3 6 7 8 9 10 12 13 14 15 16 17 18 19 20 22 23 24 25 26 27 28 29 30 31 32 33 34 35 36 37 38 39 40 41 42 43 44 45 46 47 48 49 50 51 52 53 54 55 56 57 58 59 60 61 62 63 64 65 66 67 68 69 70 71 72 73 75 76 77 78 79 80  
allnum:74

res_-1_26_17_9.txt
quadratic:k25:k25*k73;	k38:k38*k39;	k48:k47*k48;
13 20 22 25 26 28 31 37 38 39 40 41 45 46 47 48 49 51 52 53 54 56 57 58 59 61 62 63 64 66 67 68 69 70 73 75 77  
allnum:37

res_-1_38_25_21.txt
quadratic:k63:k63*k75;	k75:k63*k75;
31 37 56 57 58 63 73 75 77  
allnum:9

res_-1_63_37_8.txt
quadratic:k11:k11*k73;	k23:k23*k73;	k50:k50*k73;	k62:k62*k73+k62*k75;	k77:k73*k77;
4 8 9 10 11 12 18 20 23 25 26 27 29 30 31 33 34 35 36 37 39 40 41 43 44 45 46 47 48 49 50 51 52 53 54 55 56 57 58 59 60 61 62 63 64 65 66 67 68 73 75 76 77  
allnum:53

res_-1_13_9_2.txt
quadratic:k0:k0*k73;	k11:k11*k73;	k15:k15*k73;	k41:k41*k73;	k51:k51*k73;	k54:k54*k55+k54*k73;	k55:k54*k55;	k69:k69*k73;	k72:k72*k73;	k78:k73*k78;
0 8 9 10 11 12 13 15 20 22 25 26 29 31 32 33 34 35 38 39 40 41 45 46 47 48 49 51 52 53 54 55 56 57 58 59 60 61 62 63 65 66 67 68 69 72 73 75 76 77 78 80  
allnum:52

res_-1_66_23_17.txt
quadratic:k12:k12*k24;	k25:k25*k73;
8 9 10 12 20 22 24 25 26 29 31 33 34 35 36 37 39 40 41 45 46 47 51 52 53 54 55 56 57 58 59 60 61 62 63 64 65 66 67 68 69 73 75 77 79  
allnum:45

res_-1_40_22_2.txt
quadratic:k2:k2*k73+k2*k75;	k4:k4*k5;	k5:k4*k5;	k11:k11*k12;	k14:k13*k14;	k20:k20*k21;	k74:k73*k74+k74*k75;
0 2 4 5 6 7 8 9 10 11 12 13 14 15 16 17 18 20 21 22 23 24 25 26 27 28 29 30 31 32 33 34 35 36 37 38 39 40 41 42 43 44 45 47 48 49 50 51 52 53 54 55 56 57 58 59 60 61 62 63 64 65 66 67 68 69 70 72 73 74 75 76 77 78 79  
allnum:75

res_-1_69_25_17.txt
quadratic:k11:k11*k25+k11;	k26:k25*k26+k26;	k34:k34*k35;	k41:k25*k41+k41;	k49:k49*k77+k49;	k52:k52*k53;	k53:k52*k53;	k76:k76*k77;
0 9 11 12 13 15 20 21 22 23 25 26 31 32 33 34 35 38 39 40 41 45 46 47 48 49 50 51 52 53 54 56 57 58 59 60 61 62 63 65 66 67 68 69 71 72 73 75 76 77 78  
allnum:51

res_-1_26_17_8.txt
quadratic:k33:k33*k77;	k38:k38*k39;	k39:k38*k39+k39*k73;	k47:k47*k48;	k48:k47*k48;	k60:k60*k77;	k75:k73*k75;
13 22 28 33 37 38 39 40 47 48 49 58 59 60 61 62 63 64 65 73 75 77  
allnum:22

res_-1_66_33_13.txt
quadratic:k20:k20*k73;	k26:k26*k73;	k47:k47*k73;
4 5 6 12 13 14 15 18 20 22 23 24 25 26 27 28 29 30 31 32 33 35 39 40 41 43 44 45 46 47 48 52 53 54 55 56 57 58 59 60 61 62 63 65 66 67 68 69 70 73 75 76 77 79 80  
allnum:55

res_-1_51_50_17.txt
quadratic:k2:k2*k73;	k4:k4*k5;	k5:k4*k5;	k11:k11*k73+k11;	k13:k13*k14+k13;	k14:k13*k14+k14;	k25:k25*k73;	k32:k31*k32+k32*k73;	k35:k35*k73+k35*k75;	k37:k37*k73;	k50:k50*k73;	k74:k73*k74;
2 4 5 8 9 10 11 13 14 15 20 21 22 23 25 26 28 29 30 31 32 33 35 37 38 39 40 41 42 45 46 47 48 49 50 51 52 53 54 55 56 57 58 59 60 61 62 63 64 65 66 67 68 69 73 74 75 77 80  
allnum:59

res_-1_39_19_6.txt
quadratic:k65:k65*k75;
7 11 31 32 33 34 39 56 57 58 59 60 61 63 65 73 75 77  
allnum:18

res_-1_41_38_37.txt
quadratic:k25:k25*k73;	k75:k61*k75+k75;
25 31 33 56 57 58 59 60 61 73 75 77  
allnum:12

res_-1_25_17_0.txt
quadratic:k6:k6*k75;	k10:k10*k63;	k15:k15*k75;
3 4 5 6 8 9 10 12 13 14 15 20 21 22 23 27 28 29 30 31 33 35 37 38 39 40 41 45 46 47 48 49 52 53 54 56 57 58 59 60 61 62 63 64 65 66 67 68 73 75 77 79 80  
allnum:53

res_-1_40_39_13.txt
quadratic:k8:k8*k77;	k79:k77*k79;
8 11 12 20 31 33 34 35 41 45 46 47 56 57 58 59 60 61 62 63 65 69 73 75 77 79  
allnum:26

res_-1_40_26_17.txt
quadratic:k25:k25*k77;	k41:k41*k73;	k50:k50*k77;	k71:k71*k77;
11 13 15 18 20 22 25 26 27 31 35 37 38 39 40 41 43 44 45 46 47 48 49 50 51 52 53 56 57 58 60 61 62 63 64 65 71 73 77 80  
allnum:40

res_-1_63_35_7.txt
quadratic:k22:k22*k63;	k49:k49*k63;
4 6 7 8 9 10 12 18 20 21 22 25 26 27 28 29 30 31 32 33 34 35 37 38 39 40 41 42 43 44 45 46 47 48 49 50 51 52 53 54 55 56 57 58 59 60 61 62 63 64 65 66 67 68 69 73 75 77 78 79  
allnum:60

res_-1_38_13_2.txt
quadratic:k25:k25*k73;	k35:k35*k75;	k62:k62*k75;
8 9 10 20 25 26 29 31 33 35 39 40 41 45 46 47 51 52 53 54 55 56 57 58 59 60 61 62 63 64 65 66 67 68 69 73 75 77  
allnum:38

res_-1_63_39_37.txt
quadratic:k30:k29*k30;
1 4 18 19 27 28 29 30 31 32 33 34 35 37 40 43 44 45 46 52 53 54 55 56 57 58 59 60 61 62 63 64 65 66 67 69 70 73 75 77 78 79  
allnum:42

res_-1_34_8_3.txt
quadratic:k65:k65*k73+k65;
6 20 25 27 28 30 31 32 33 35 37 41 45 46 47 56 57 58 59 60 61 62 63 64 65 73 75 77 79  
allnum:29

res_-1_25_13_8.txt
quadratic:k41:k41*k73;	k65:k65*k73;
4 26 28 29 30 31 33 41 53 54 55 58 59 60 63 65 73 75 77  
allnum:19

res_-1_41_26_13.txt
quadratic:k33:k33*k75;	k60:k60*k75;
33 58 59 60 73 75 77  
allnum:7

res_-1_22_15_8.txt
quadratic:k39:k39*k73;
8 11 26 31 33 34 35 37 39 40 41 51 52 53 55 56 57 58 59 60 61 62 63 64 65 66 67 69 73 75 77 79  
allnum:32

res_-1_76_26_15.txt
quadratic:k0:k0*k73;	k12:k12*k73;	k54:k54*k55+k54*k73;	k71:k71*k73;	k72:k72*k73;	k78:k73*k78;
0 7 8 9 10 11 12 15 20 22 24 25 26 29 31 32 33 34 35 36 37 38 39 40 41 45 46 47 48 49 50 51 52 53 54 55 56 57 58 59 60 61 62 63 64 65 66 67 68 69 71 72 73 75 76 77 78 79  
allnum:58

res_-1_22_7_0.txt
quadratic:k65:k65*k75;	k75:k65*k75;
63 65 75  
allnum:3

res_-1_26_13_2.txt
quadratic:k0:k0*k73;	k12:k12*k73;	k69:k69*k73;	k71:k71*k73;	k72:k72*k73;	k78:k73*k78;
0 2 6 8 9 10 11 12 15 18 20 22 23 24 25 26 29 31 32 33 34 35 38 39 40 41 43 44 45 46 47 48 49 50 51 52 53 54 55 56 57 58 59 60 61 62 63 64 65 66 67 68 69 71 72 73 74 75 76 77 78 79  
allnum:62

res_-1_69_26_2.txt
quadratic:k29:k29*k77+k29;	k56:k56*k77+k56;	k73:k61*k73+k73*k79;
6 7 8 9 10 11 13 18 19 20 21 22 23 24 25 26 27 28 29 31 32 33 34 35 36 37 38 39 40 41 43 44 45 46 47 48 49 50 51 52 53 54 55 56 57 58 59 60 61 62 63 64 65 66 67 68 69 73 77 79 80  
allnum:61

res_-1_39_17_13.txt
quadratic:k0:k0*k73+k0;	k9:k9*k73;	k71:k71*k73;	k72:k72*k73+k72;	k78:k73*k78+k78;
0 1 2 3 6 8 9 11 12 13 15 17 18 19 22 23 24 25 26 27 28 29 30 31 32 33 34 35 36 37 38 39 40 41 42 43 44 45 46 47 48 49 50 51 52 53 54 55 56 57 58 59 60 61 62 63 64 65 66 67 68 69 71 72 73 74 75 76 77 78 79  
allnum:71

res_-1_66_15_9.txt
quadratic:k49:k24*k49+k49;
8 9 10 12 13 22 23 24 26 28 29 31 33 35 38 39 40 41 47 48 49 50 51 52 53 54 55 56 57 58 59 60 61 62 63 64 65 66 67 68 69 71 73 75 77 79  
allnum:46

res_-1_63_22_9.txt
quadratic:k25:k25*k73;
4 12 22 23 24 25 29 30 31 33 35 41 54 55 56 58 59 60 61 62 65 66 73 75  
allnum:24

res_-1_51_50_41.txt
quadratic:k61:k61*k73;	k65:k65*k73;
31 33 56 57 58 59 60 61 65 73 75 77  
allnum:12

res_-1_25_1_0.txt
quadratic:k11:k11*k73;	k31:k31*k75;	k58:k58*k75;
8 9 10 11 20 22 26 30 31 33 34 35 36 37 39 40 41 45 46 47 48 49 51 52 53 56 57 58 60 61 62 63 64 65 66 67 68 73 75 77 79  
allnum:41

res_-1_53_26_15.txt
quadratic:k12:k12*k73;
8 9 10 12 15 20 22 24 26 31 33 35 37 38 39 40 41 45 46 47 48 49 50 51 52 53 55 56 57 58 59 60 61 62 63 64 65 66 67 68 73 75 77 79  
allnum:44

res_-1_51_18_15.txt
quadratic:k25:k25*k73;
2 6 8 9 10 11 13 15 18 19 20 21 22 23 24 25 27 28 29 31 32 33 35 36 37 38 39 40 41 42 43 44 45 46 47 48 49 50 51 52 53 54 55 56 57 58 59 60 61 62 63 64 65 66 67 68 69 71 73 74 75 77 79  
allnum:63

res_-1_33_26_17.txt
quadratic:k50:k50*k75;	k71:k71*k75;	k80:k75*k80;
3 4 5 6 7 8 9 10 12 13 14 15 16 18 20 21 24 25 26 28 29 30 31 32 33 34 35 36 37 38 39 40 41 43 44 45 46 47 48 49 50 51 52 53 54 55 56 57 58 59 60 61 62 63 64 65 66 67 68 71 73 75 76 77 79 80  
allnum:66

res_-1_39_15_13.txt
quadratic:k0:k0*k73+k0;	k9:k9*k73;	k46:k46*k47;	k51:k51*k73+k51;	k69:k69*k73;	k71:k71*k73;	k72:k72*k73+k72;	k78:k73*k78+k78;
0 2 6 8 9 11 13 15 17 22 23 24 25 26 27 28 29 30 31 32 33 34 35 36 38 39 40 41 42 43 44 46 47 48 49 50 51 52 53 54 55 56 57 58 59 60 61 62 63 65 66 67 68 69 71 72 73 74 75 76 77 78 79  
allnum:63

res_-1_57_41_13.txt
quadratic:k10:k10*k63;
0 7 8 9 10 11 12 13 15 16 18 20 22 23 24 25 26 27 29 30 31 32 33 34 35 37 38 39 40 41 42 43 44 45 46 47 48 49 50 51 52 53 54 55 56 57 58 59 60 61 62 63 64 65 66 67 68 69 71 72 73 75 76 77 78  
allnum:65

res_-1_41_21_2.txt
quadratic:k50:k50*k73;
0 3 4 5 6 7 8 11 13 14 15 16 18 20 22 23 24 26 27 28 29 30 31 32 33 34 35 36 37 39 40 41 43 44 45 46 47 48 49 50 51 52 53 54 55 56 57 58 59 60 61 62 63 64 65 66 67 68 69 70 71 73 75 76 77 78 79  
allnum:67

res_-1_53_51_33.txt
quadratic:k62:k62*k63;	k63:k62*k63;	k65:k65*k73;
31 33 37 56 57 58 59 60 62 63 64 65 73 75 77  
allnum:15

res_-1_41_17_8.txt
quadratic:k30:k30*k73;
12 26 30 31 33 35 37 40 41 51 52 53 56 57 58 59 60 61 62 63 64 65 66 67 68 73 75 77  
allnum:28

res_-1_17_13_8.txt
quadratic:k11:k11*k73;	k15:k15*k75;	k19:k19*k73;	k20:k20*k73;	k71:k71*k73;	k79:k75*k79;
0 2 4 5 11 12 13 14 15 17 19 20 21 22 23 24 25 26 28 29 30 31 32 33 35 38 39 40 41 42 43 44 45 46 47 48 49 50 51 53 54 55 56 57 58 59 60 61 62 63 65 66 68 71 72 73 74 75 76 77 79 80  
allnum:62

res_-1_41_26_2.txt
quadratic:k24:k24*k73+k24*k75;
1 6 7 8 9 10 13 16 20 22 24 26 27 28 31 32 33 34 35 36 37 38 39 40 45 46 47 48 49 51 52 53 54 55 56 57 58 59 60 61 62 63 65 66 67 73 75 77 79  
allnum:49

res_-1_63_37_9.txt
quadratic:k4:k4*k59;
4 8 9 10 20 25 26 29 30 31 33 35 36 37 39 40 41 45 46 47 51 52 53 54 55 56 57 58 59 60 61 62 63 64 65 66 67 68 73 75 77 78 79  
allnum:43

res_-1_53_51_17.txt
quadratic:k11:k11*k39+k11;	k15:k15*k39+k15;
11 13 15 20 29 31 33 35 37 39 41 45 46 47 54 55 56 57 58 59 60 61 62 63 64 73 75 77  
allnum:28

res_-1_50_15_10.txt
quadratic:k21:k21*k38+k21;	k30:k30*k38+k30;	k42:k38*k42+k42;
2 4 5 8 9 10 11 13 14 18 20 21 22 23 24 28 29 30 31 32 33 35 36 37 38 40 41 42 43 44 45 46 47 48 49 50 52 53 54 55 56 57 58 59 60 61 62 63 64 65 66 67 69 73 74 75 77 79 80  
allnum:59

res_-1_13_10_1.txt
quadratic:k35:k35*k73;
8 9 10 12 13 20 22 26 27 28 30 33 35 37 38 39 40 41 45 46 47 48 49 51 52 53 54 55 58 59 60 61 62 63 64 65 69 73 75 77  
allnum:40

res_-1_39_10_8.txt
quadratic:k20:k20*k73;
4 5 6 8 9 10 13 14 15 16 17 20 21 22 23 24 25 26 27 28 29 30 31 32 33 34 35 36 39 40 41 42 43 44 45 46 47 48 49 50 51 52 53 54 55 56 57 58 59 60 61 62 63 65 67 68 69 73 75 76 77 78 80  
allnum:63

res_-1_38_17_1.txt
quadratic:k30:k30*k75;
8 9 10 20 25 27 29 30 31 33 35 36 37 45 46 47 52 54 55 56 57 58 59 60 61 62 63 65 69 73 75 77  
allnum:32

res_-1_53_25_17.txt
quadratic:k38:k38*k73;
12 31 33 35 37 38 39 41 56 57 58 59 60 61 62 63 69 73 75 77  
allnum:20

res_-1_38_17_13.txt
quadratic:k35:k35*k75;
18 25 26 29 30 31 33 35 37 39 40 41 43 44 45 51 52 53 54 55 56 57 58 59 60 61 62 63 64 65 66 67 68 69 73 75 77  
allnum:37

res_-1_63_26_8.txt
quadratic:k10:k10*k63;	k15:k15*k73;	k29:k29*k30;	k30:k29*k30;	k56:k56*k57;	k57:k56*k57;	k61:k61*k63+k61*k73;
4 8 9 10 11 13 15 20 22 25 26 28 29 30 31 33 37 38 39 40 41 47 48 49 51 52 53 54 55 56 57 58 59 60 61 63 65 73 75 77 79  
allnum:41

res_-1_63_22_7.txt
quadratic:k77:k73*k77;
4 25 29 30 31 33 35 37 41 58 59 60 61 62 63 64 65 73 75 77  
allnum:20

res_-1_38_1_0.txt
quadratic:k73:k73*k77;	k77:k73*k77+k77;
31 73 77  
allnum:3

res_-1_51_40_17.txt
quadratic:k15:k15*k39+k15;
7 8 9 10 11 13 14 15 20 21 22 23 26 27 31 32 33 34 35 36 37 39 40 41 42 45 46 47 48 49 51 52 53 56 57 58 59 60 61 62 63 64 65 66 67 68 69 73 75 77 79  
allnum:51

res_-1_63_25_9.txt
quadratic:k13:k13*k73;	k14:k14*k73;	k31:k31*k73;	k49:k49*k73;
8 9 10 11 13 14 15 20 21 22 25 26 27 29 31 33 38 39 40 41 47 48 49 51 52 53 54 55 56 57 58 59 60 61 63 64 65 66 67 68 73 75 77 79  
allnum:44

res_-1_39_13_12.txt
quadratic:k25:k25*k73;	k35:k35*k73;	k62:k62*k73;
12 18 20 22 25 26 31 33 35 39 40 41 43 44 45 46 47 51 52 53 55 56 57 58 59 60 61 62 63 64 65 66 67 68 69 73 75 77 79  
allnum:39

res_-1_13_38_15.txt
quadratic:k35:k35*k75;	k54:k54*k55;	k55:k54*k55;	k62:k62*k75;
26 29 31 33 35 39 40 41 51 52 53 54 55 56 57 58 59 60 61 62 64 65 66 67 68 69 73 75 77  
allnum:29

res_-1_59_69_17.txt
quadratic:k2:k2*k14+k2*k77;	k25:k25*k39;
0 2 3 7 8 9 10 11 13 14 15 16 18 19 20 21 22 23 24 25 26 27 28 29 30 31 32 33 34 35 36 37 38 39 40 41 42 43 44 45 46 47 48 49 50 51 52 53 54 55 56 57 58 59 60 61 62 63 64 65 66 67 68 69 77 79 80  
allnum:67

res_-1_53_50_63.txt
quadratic:k65:k65*k73;
4 8 11 13 15 16 22 26 28 29 30 31 33 34 35 38 40 41 42 43 47 48 49 53 54 55 56 57 58 59 60 61 63 65 73 75 77  
allnum:37

res_-1_0_23_17.txt
quadratic:k12:k12*k80+k12;
6 7 8 9 12 22 33 34 35 36 37 40 50 55 58 59 60 61 62 63 64 65 66 67 69 75 77 80  
allnum:28

res_-1_26_69_63.txt
quadratic:k16:k16*k75;	k29:k29*k75+k29;	k56:k56*k75+k56;	k73:k14*k73;
9 10 11 14 16 20 21 22 23 29 33 34 35 36 37 38 45 46 47 48 49 54 55 56 58 59 60 63 65 73 75 79  
allnum:32

res_-1_53_50_15.txt
quadratic:k15:k15*k38+k15;
0 8 9 10 11 13 15 18 20 26 27 28 29 30 31 33 35 36 37 38 39 40 41 43 44 45 46 47 51 52 53 54 55 56 57 58 59 60 61 62 63 64 65 66 67 68 69 70 72 73 75 77 79  
allnum:53

res_-1_35_38_63.txt
quadratic:k79:k73*k79+k75*k79;
3 4 8 20 25 27 28 29 30 31 33 34 35 37 38 40 45 46 47 54 55 56 57 58 59 60 61 62 63 65 66 67 69 73 75 77 79  
allnum:37

res_-1_35_36_21.txt
quadratic:k33:k33*k75;	k60:k60*k75;
8 9 10 20 33 45 46 47 52 55 58 59 60 61 63 73 75 77  
allnum:18

res_-1_35_1_0.txt
quadratic:k31:k31*k77;	k58:k58*k77;
10 31 35 36 37 40 56 57 58 62 63 64 65 66 67 73 77  
allnum:17

res_-1_9_69_17.txt
quadratic:k35:k35*k75;	k58:k58*k59;	k59:k58*k59;	k62:k62*k75;	k73:k73*k77+k73;
20 25 33 35 45 46 47 58 59 60 61 62 63 73 75 77  
allnum:16

res_-1_4_51_17.txt
quadratic:k33:k33*k75+k33;	k35:k35*k39+k35;	k62:k39*k62+k62;	k77:k39*k77+k77;
33 35 39 58 59 60 61 62 73 75 77  
allnum:11

res_-1_13_26_15.txt
quadratic:k0:k0*k73;	k9:k9*k73;	k12:k12*k73;	k45:k45*k46;	k46:k45*k46;	k51:k51*k73;	k69:k69*k73;	k71:k71*k73;	k72:k72*k73;	k78:k73*k78;
0 2 9 11 12 15 20 22 23 25 26 29 31 32 33 34 35 38 39 40 41 45 46 47 48 49 50 51 52 53 54 55 56 57 58 59 60 61 62 63 65 66 67 68 69 71 72 73 74 75 76 77 78  
allnum:53

res_-1_40_69_17.txt
quadratic:k11:k11*k25+k11;	k22:k22*k77+k22;	k26:k25*k26+k26;	k34:k34*k35;	k41:k25*k41+k41;	k49:k49*k77+k49;	k53:k52*k53;	k76:k76*k77;
0 8 9 10 11 12 13 14 15 16 20 22 25 26 31 32 33 34 35 36 37 38 39 40 41 45 46 47 48 49 50 51 52 53 54 56 57 58 59 60 61 62 63 65 66 67 68 69 71 72 73 75 76 77 78  
allnum:55

res_-1_36_68_17.txt
quadratic:k25:k25*k73;
8 9 10 12 20 25 26 29 31 33 35 36 37 39 40 41 45 46 47 51 52 53 54 55 56 57 58 59 60 61 62 63 64 65 66 67 68 73 75 77  
allnum:40

res_-1_69_41_10.txt
quadratic:k14:k14*k73;	k73:k14*k73;
14 73 75  
allnum:3

res_-1_38_69_31.txt
quadratic:k55:k55*k77;
7 8 9 10 19 20 21 22 23 24 25 26 32 33 34 35 37 40 41 45 46 47 48 49 50 51 52 53 55 58 59 60 61 62 63 64 65 66 67 68 77 80  
allnum:42

res_-1_13_33_17.txt
quadratic:k17:k17*k73;
1 3 4 5 6 7 8 9 12 13 14 15 16 17 18 19 20 21 23 24 25 26 27 28 29 30 31 32 33 34 35 36 37 38 39 40 41 42 43 44 45 46 47 48 49 50 51 52 53 54 55 56 57 58 59 60 61 62 63 64 65 66 67 68 69 70 71 72 73 74 75 77 79 80  
allnum:74

res_-1_13_9_15.txt
quadratic:k0:k0*k73;	k9:k9*k73;	k11:k11*k73;	k15:k15*k73;	k51:k51*k73;	k54:k54*k55+k54*k73;	k55:k54*k55;	k69:k69*k73;	k72:k72*k73;	k78:k73*k78;
0 9 11 12 13 15 22 25 26 29 31 32 33 34 35 38 39 40 47 48 49 51 52 53 54 55 56 57 58 59 60 61 62 63 65 66 67 68 69 72 73 75 76 77 78  
allnum:45

res_-1_39_26_63.txt
quadratic:k1:k1*k73;	k3:k3*k73+k3*k75;	k15:k15*k73;	k25:k25*k75+k25;	k50:k50*k73+k50;
1 3 4 8 11 15 17 18 20 25 26 28 29 30 31 33 34 35 41 42 43 44 45 46 47 50 54 55 56 58 59 60 61 62 63 65 68 73 75 76 77 79  
allnum:42

res_-1_53_51_8.txt
quadratic:k33:k33*k75;	k60:k60*k75;
8 9 10 20 33 37 45 46 47 52 58 59 60 61 62 63 64 65 73 75 77  
allnum:21

res_-1_59_26_41.txt
quadratic:k4:k4*k5;	k5:k4*k5;	k6:k6*k77;	k13:k13*k14+k13*k77;	k14:k13*k14;	k15:k15*k77;	k16:k16*k77+k16;	k17:k17*k77;	k21:k21*k77+k21;	k30:k30*k77+k30;	k73:k73*k74;	k80:k77*k80+k80;
1 4 5 6 7 8 9 10 11 13 14 15 16 17 18 20 21 22 23 24 25 26 27 28 29 30 31 32 33 34 35 36 37 38 39 40 41 42 43 44 45 46 47 48 49 50 51 52 53 54 55 56 57 58 59 60 61 62 63 64 65 66 67 68 69 70 73 74 75 76 77 79 80  
allnum:73

res_-1_9_69_63.txt
quadratic:k14:k14*k73;	k35:k35*k75;	k73:k14*k73+k25*k73;
14 25 33 35 37 40 58 59 60 61 62 63 64 65 66 67 73 75 77 78 79  
allnum:21

res_-1_13_19_8.txt
quadratic:k43:k43*k44;	k44:k43*k44;
4 7 8 9 10 13 18 25 26 29 30 31 32 33 34 35 37 39 41 43 44 45 52 55 56 57 58 59 60 61 62 63 64 65 67 69 73 75 76 77  
allnum:40

res_69_53_25_17.txt
quadratic:k0:k0*k41+k0;	k12:k12*k41+k12;	k13:k13*k41+k13;	k54:k41*k54+k54;	k69:k41*k69+k69;	k71:k41*k71+k71;	k72:k41*k72+k72;	k78:k41*k78+k78;
0 8 9 10 11 12 13 15 20 21 22 23 24 25 26 31 32 33 34 35 37 38 39 40 41 45 46 47 48 49 50 51 52 53 54 55 56 57 58 59 60 61 62 63 64 65 66 67 68 69 71 72 73 75 76 77 78  
allnum:57

res_41_38_36_35.txt
quadratic:k25:k25*k73;	k75:k61*k75+k75;
8 9 10 20 24 25 31 33 45 46 47 49 50 51 52 56 57 58 59 60 61 63 73 75 77  
allnum:25

res_26_22_15_9.txt
quadratic:k73:k25*k73+k73;
6 12 20 25 29 31 32 33 35 37 40 45 46 47 54 55 56 57 58 60 61 62 63 64 65 66 67 69 73 75 77  
allnum:31

res_69_13_2_1.txt
quadratic:k25:k25*k73;
5 6 7 8 11 12 13 14 15 16 18 20 22 24 25 26 27 28 30 31 33 34 35 37 38 39 40 41 43 44 45 46 47 48 49 50 51 52 53 54 55 56 57 58 59 60 61 62 63 64 65 66 67 68 73 75 76 77  
allnum:58

res_53_41_35_0.txt
quadratic:k41:k41*k75+k41;
8 9 10 20 29 31 33 34 35 41 45 46 47 52 54 55 56 57 58 59 60 61 63 69 73 75 80  
allnum:27

res_25_22_17_15.txt
quadratic:k22:k22*k77;	k37:k37*k63;	k40:k40*k77;	k49:k49*k77;	k64:k63*k64;
3 7 8 9 15 19 20 21 22 25 28 29 30 31 32 33 34 35 36 37 38 39 40 47 48 49 50 56 57 58 59 60 61 62 63 64 65 71 73 75 77 79  
allnum:42

res_39_36_25_17.txt
quadratic:k29:k29*k75;
7 8 9 10 20 25 29 31 32 33 34 35 36 37 39 40 45 46 47 52 54 55 56 57 58 59 60 61 62 63 65 66 67 69 73 75 77 79  
allnum:38

res_39_25_22_17.txt
quadratic:k14:k14*k73;	k23:k23*k73;	k74:k73*k74;
0 1 3 4 5 6 8 9 10 12 13 14 15 16 17 20 21 22 23 25 27 29 30 31 32 33 34 35 37 38 39 40 41 42 43 44 45 46 47 48 49 50 51 52 53 54 55 56 57 58 59 60 61 62 63 64 65 66 67 68 69 71 72 73 74 75 76 77 78 79 80  
allnum:71

res_68_25_17_15.txt
quadratic:k13:k13*k77;
3 8 9 10 13 15 20 22 25 26 28 29 30 31 33 35 36 37 38 39 40 41 45 46 47 48 49 51 52 53 54 55 56 57 58 59 60 61 62 63 64 65 73 75 77 79 80  
allnum:47

res_63_41_36_25.txt
quadratic:k73:k73*k75;
12 25 31 33 35 39 40 50 56 57 58 59 60 61 62 65 66 67 69 71 73 75 77  
allnum:23

res_69_33_13_2.txt
quadratic:k62:k62*k73;
8 9 10 12 14 18 19 20 21 22 23 25 27 28 31 33 34 35 36 40 43 44 45 46 47 48 49 50 52 53 54 55 56 57 58 59 60 61 62 63 64 65 66 67 69 73 75 77 80  
allnum:49

res_53_36_17_13.txt
quadratic:k54:k54*k55;	k55:k54*k55;
12 29 31 33 35 37 39 54 55 56 57 58 59 60 61 62 73 75 77  
allnum:19

res_26_22_9_2.txt
quadratic:k24:k24*k63;
6 7 8 9 10 12 20 21 22 24 25 26 29 31 35 37 38 39 40 41 45 46 47 49 50 51 52 53 54 55 56 57 58 59 60 61 62 63 64 65 66 67 68 69 73 75 77 79 80  
allnum:49

res_76_41_26_0.txt
quadratic:k35:k35*k73+k35*k75;
7 8 9 18 20 21 22 23 24 26 28 35 37 41 43 44 45 46 47 48 49 50 51 52 53 54 55 56 60 61 62 63 64 65 66 67 68 69 70 73 75 77 80  
allnum:43

res_53_40_17_15.txt
quadratic:k8:k8*k73;	k17:k17*k73;	k18:k18*k63+k18*k73;	k50:k50*k73;
3 5 6 7 8 10 11 12 15 16 17 18 20 25 28 29 30 31 32 33 35 36 37 39 40 41 43 44 45 46 47 50 53 54 55 56 57 58 59 60 61 62 63 64 65 66 67 68 73 75 77  
allnum:51

res_63_26_22_8.txt
quadratic:k12:k12*k73;
0 4 6 7 8 9 10 11 12 13 15 16 17 20 22 23 24 25 26 27 28 29 30 31 32 33 34 35 36 37 38 39 40 41 47 48 49 50 51 52 53 54 55 56 57 58 59 60 61 62 63 64 65 66 67 68 69 72 73 75 76 77 78 79 80  
allnum:65

res_40_36_25_17.txt
quadratic:k79:k63*k79;
8 9 10 12 13 15 18 20 25 26 27 28 31 33 35 36 37 39 40 41 45 46 47 51 52 53 54 55 56 57 58 59 60 61 62 63 64 65 66 67 69 71 73 75 77 79 80  
allnum:47

res_53_35_6_0.txt
quadratic:k31:k31*k75;
8 9 10 20 21 22 23 24 25 26 31 33 34 35 36 37 40 45 46 47 48 49 50 51 52 53 55 56 57 58 59 60 61 62 63 64 65 66 67 73 75 77 80  
allnum:43

res_51_50_13_1.txt
quadratic:k11:k11*k73;	k12:k12*k73;	k54:k54*k55;	k55:k54*k55;	k59:k59*k75;	k61:k61*k73;
8 9 10 11 12 22 29 47 48 49 52 54 55 56 59 61 65 73 75 77  
allnum:20

res_69_40_25_8.txt
quadratic:k29:k29*k30;	k30:k29*k30;	k59:k59*k73;	k73:k59*k73;
4 8 9 10 29 30 31 35 36 37 40 52 59 61 62 63 64 65 66 67 73 77 79  
allnum:23

res_38_35_6_0.txt
quadratic:k31:k31*k75;
8 9 10 20 22 23 24 26 31 33 34 35 36 37 40 45 46 47 48 49 50 51 52 53 55 56 57 58 59 60 61 62 63 64 65 66 67 73 75 77 80  
allnum:41

res_69_40_22_2.txt
quadratic:k12:k12*k14+k12*k77;
2 3 4 5 6 7 8 9 10 12 14 18 20 21 22 23 24 25 26 27 30 31 32 33 34 35 36 37 39 40 41 43 44 45 46 47 48 49 50 51 52 53 55 56 57 58 59 60 61 62 63 64 65 66 67 68 69 71 73 75 77 79 80  
allnum:63

res_40_22_17_15.txt
quadratic:k15:k15*k75;
3 4 5 6 7 8 9 13 14 15 17 18 19 20 21 22 23 24 26 28 29 30 31 32 33 34 35 36 39 48 49 50 53 54 55 56 57 58 59 60 61 62 63 65 69 73 75 77 79  
allnum:49

res_53_51_50_9.txt
quadratic:k11:k11*k73;	k13:k13*k73;	k15:k15*k73;	k30:k29*k30;	k31:k31*k73+k31;
4 6 7 8 9 10 11 13 15 20 21 22 23 24 29 30 31 33 34 35 36 37 38 39 41 45 46 47 48 49 50 51 52 54 55 56 57 58 59 60 61 62 63 64 65 66 67 68 69 73 75 77 79 80  
allnum:54

res_53_39_26_17.txt
quadratic:k25:k25*k73;
8 9 10 18 20 25 26 27 29 31 33 34 35 36 37 38 39 40 41 43 44 45 46 47 51 52 53 54 55 56 57 58 59 60 61 62 63 64 65 66 67 68 73 75 77 79 80  
allnum:47

res_69_33_25_17.txt
quadratic:k6:k6*k75;
4 5 6 8 9 10 12 14 18 20 21 22 23 24 25 29 30 31 33 37 38 39 40 41 43 44 45 46 47 48 49 50 51 52 54 55 56 57 58 59 60 61 62 63 64 65 66 67 73 75 77 80  
allnum:52

res_53_51_13_1.txt
quadratic:k23:k23*k73;	k32:k32*k73;	k41:k41*k73;	k50:k50*k73;	k56:k56*k73;	k74:k73*k74;
3 4 5 6 7 12 13 14 15 16 20 23 30 32 33 34 37 39 40 41 45 46 47 48 49 50 54 56 57 58 59 60 61 62 63 64 65 69 73 74 75 76 77  
allnum:43

res_69_63_25_8.txt
quadratic:k12:k12*k73;	k25:k25*k73+k25;
0 1 4 5 6 8 9 10 12 13 14 15 16 19 20 22 23 24 25 26 28 29 30 31 33 34 38 39 40 41 43 44 45 46 47 48 49 50 51 52 53 54 55 56 57 58 59 60 61 63 65 67 68 71 73 75 77 79  
allnum:58

res_69_40_26_15.txt
quadratic:k0:k0*k77;	k2:k2*k73;	k4:k4*k5;	k5:k4*k5;	k6:k6*k77;	k11:k11*k27+k11*k73;	k13:k13*k14;	k21:k21*k77+k21;	k30:k30*k77+k30;	k74:k73*k74;
0 2 4 5 6 8 9 10 11 13 14 15 16 18 20 21 22 23 24 25 26 27 28 29 30 31 32 33 34 35 36 37 38 39 40 41 42 43 44 45 46 47 48 49 50 51 52 53 54 55 56 57 58 59 60 61 62 63 64 65 66 67 68 69 70 73 74 75 77 79 80  
allnum:71

res_63_36_35_9.txt
quadratic:k18:k18*k63;	k50:k50*k73;	k71:k71*k73;
4 5 6 7 8 9 10 12 13 14 15 16 18 20 21 22 23 25 26 28 29 30 31 32 33 34 35 37 38 39 40 41 43 44 45 46 47 48 49 50 51 52 53 54 55 56 57 58 59 60 61 62 63 64 65 66 67 71 73 75 76 77 78 79 80  
allnum:65

res_26_22_17_9.txt
quadratic:k69:k69*k77;	k73:k25*k73+k73;
5 6 7 8 9 10 12 20 22 25 29 30 31 32 35 37 40 45 46 47 48 49 50 51 52 54 55 56 57 58 59 60 61 62 63 64 65 66 67 69 73 75 77 79  
allnum:44

res_53_36_13_1.txt
quadratic:k37:k37*k73;
20 24 37 39 45 46 47 49 50 51 63 65 73 77  
allnum:14

res_39_22_17_15.txt
quadratic:k16:k16*k73;	k27:k27*k73+k27;	k37:k37*k63;	k41:k41*k73;	k62:k62*k63;	k64:k63*k64;	k76:k73*k76;
4 5 6 7 13 14 15 16 17 18 19 22 23 25 26 27 29 30 31 32 33 34 37 39 41 48 49 50 52 53 54 55 56 57 58 59 60 61 62 63 64 65 69 71 73 75 76 77 79  
allnum:49

res_39_26_22_3.txt
quadratic:k12:k12*k73;	k24:k24*k63;
6 8 12 18 22 24 25 26 27 29 31 32 33 34 35 37 39 40 41 43 44 45 51 52 53 54 55 56 57 58 59 60 61 62 63 64 65 66 67 68 69 71 73 75 77 79 80  
allnum:47

res_53_36_15_13.txt
quadratic:k54:k54*k55;	k55:k54*k55;
12 18 22 29 31 33 35 37 39 43 44 45 47 48 49 54 55 56 57 58 59 60 61 62 63 73 75 77  
allnum:28

res_41_34_1_0.txt
quadratic:k17:k17*k73;
12 17 18 19 20 22 25 26 27 28 30 31 33 35 37 41 42 43 44 45 46 47 48 49 51 52 53 54 55 56 57 58 59 60 61 62 63 64 65 66 67 68 69 70 73 75 77 79  
allnum:48

res_69_25_22_17.txt
quadratic:k75:k25*k75+k75;
14 25 27 35 60 61 62 63 73 75  
allnum:10

res_53_41_36_35.txt
quadratic:k25:k25*k73;	k75:k61*k75+k75;
8 9 10 12 20 24 25 31 33 45 46 47 49 50 51 52 56 57 58 59 60 61 63 73 75 77  
allnum:26

res_26_23_15_9.txt
quadratic:k73:k73*k77+k73;
6 7 8 9 10 12 13 18 19 20 21 22 24 25 26 27 28 29 31 32 33 34 35 36 37 38 39 40 45 46 47 48 49 50 51 52 53 54 55 56 57 58 59 60 61 62 63 64 65 66 67 69 73 75 77 79  
allnum:56

res_40_25_17_15.txt
quadratic:k43:k43*k44;	k44:k43*k44;	k55:k55*k77;
3 8 9 10 18 20 22 25 26 28 29 30 31 33 35 36 37 38 39 40 41 43 44 45 46 47 48 49 51 52 53 54 55 56 57 58 59 60 61 62 63 64 65 66 67 68 69 73 75 77 79  
allnum:51

res_25_22_15_9.txt
quadratic:k38:k38*k39;	k39:k38*k39+k39*k73;
13 22 23 24 31 33 35 37 38 39 40 47 48 49 56 57 58 59 60 61 62 63 65 66 73 75 77 79  
allnum:28

res_38_36_13_1.txt
quadratic:k73:k73*k77;
20 24 39 45 46 47 49 50 51 63 65 73 77  
allnum:13

res_53_39_26_15.txt
quadratic:k25:k25*k73;	k27:k27*k73;
8 9 10 18 20 22 23 24 25 26 27 29 31 33 34 35 36 37 38 39 40 41 43 44 45 46 47 48 49 50 51 52 53 54 55 56 57 58 59 60 61 62 63 64 65 66 67 68 73 75 77 79  
allnum:52

res_22_17_15_13.txt
quadratic:k7:k7*k73;	k14:k14*k73;	k18:k18*k73;	k34:k34*k73;	k37:k37*k73;	k45:k45*k73;	k49:k49*k73;	k64:k64*k73;	k70:k70*k73;
3 4 5 6 7 14 18 26 28 29 30 31 32 33 34 35 37 43 44 45 47 48 49 53 54 55 56 57 58 59 60 61 62 63 64 65 67 69 70 73 75 77 79  
allnum:43

res_41_39_15_8.txt
quadratic:k25:k25*k73;
3 8 9 10 12 19 20 21 22 25 26 27 28 29 30 31 33 35 37 39 40 41 47 48 49 51 52 53 54 55 56 57 58 59 60 61 62 63 64 65 66 67 68 69 73 75 76 77  
allnum:48

res_25_22_15_1.txt
quadratic:k1:k1*k75;	k30:k30*k31;
0 1 3 4 5 8 9 10 12 13 14 15 18 20 22 23 24 25 26 27 28 29 30 31 32 33 34 35 36 37 38 39 40 41 43 44 45 46 47 48 49 50 51 52 53 54 55 56 57 58 59 60 61 62 63 64 65 66 67 68 69 70 73 74 75 76 77 79 80  
allnum:69

res_69_41_15_10.txt
quadratic:k14:k14*k73;
1 3 7 9 12 14 16 20 22 23 28 29 30 31 32 33 34 35 36 37 39 41 42 43 45 46 47 48 49 50 56 57 58 59 60 61 62 63 64 65 73 75 77 79  
allnum:44

res_69_51_25_2.txt
quadratic:k27:k27*k39+k27;	k42:k39*k42+k42;	k69:k39*k69+k69;
8 9 10 11 12 18 19 20 21 22 23 24 25 26 27 33 34 35 36 37 39 40 41 42 43 44 45 46 47 48 49 50 51 52 53 54 55 58 59 60 61 62 63 64 65 66 67 68 69 75 77 79 80  
allnum:53

res_40_36_15_13.txt
quadratic:k20:k20*k63+k20*k75;	k26:k26*k75;	k47:k47*k63+k47*k75;
2 12 14 20 23 25 26 27 31 32 33 35 39 40 41 45 46 47 48 49 50 56 57 58 59 60 61 62 63 65 66 67 71 73 74 75 77 79  
allnum:38

res_41_39_33_18.txt
quadratic:k11:k11*k63;	k38:k38*k63;
4 5 6 7 8 9 10 11 12 13 14 15 16 17 18 20 21 22 23 24 25 26 27 29 30 31 32 33 34 35 36 37 38 39 40 41 42 43 44 45 46 47 48 49 50 51 52 53 54 55 56 57 58 59 60 61 62 63 64 65 66 67 68 69 70 71 73 75 76 77 79  
allnum:71

res_53_34_15_10.txt
quadratic:k1:k1*k38+k1;	k43:k38*k43+k43;
0 1 8 9 10 13 15 19 20 21 22 23 25 26 29 31 33 34 35 36 37 38 39 40 41 43 44 45 46 47 48 49 50 51 52 53 54 55 56 57 58 59 60 61 62 63 64 65 66 67 68 69 73 75 77 79  
allnum:56

res_76_69_17_1.txt
quadratic:k5:k5*k73;	k23:k23*k73;	k50:k50*k73;	k74:k73*k74;
0 1 3 4 5 7 11 12 13 14 15 16 18 19 22 23 24 25 26 28 29 30 31 32 33 34 35 37 38 39 40 41 42 43 44 45 46 47 48 49 50 53 54 55 56 57 58 59 60 61 62 63 64 65 66 67 68 69 72 73 74 75 77 79  
allnum:64

res_69_35_25_15.txt
quadratic:k73:k73*k77;	k75:k63*k75;
7 8 9 10 11 16 18 19 20 21 22 23 24 25 26 28 32 33 34 35 36 37 38 39 40 41 42 43 44 45 46 47 48 49 50 51 52 53 54 55 56 58 59 60 61 62 63 64 65 66 67 68 69 70 73 75 77 79  
allnum:58

res_63_50_39_35.txt
quadratic:k79:k63*k79+k79;
8 9 10 18 25 31 33 35 36 37 38 40 43 44 45 50 51 52 55 56 57 58 59 60 61 62 63 64 65 66 67 69 73 75 79  
allnum:35

res_69_40_39_13.txt
quadratic:k16:k16*k75;
8 9 10 13 14 16 20 22 23 28 35 40 41 45 46 47 48 49 50 52 53 54 55 60 61 62 63 65 66 67 68 69 70 73 75 77 79  
allnum:37

res_51_19_13_1.txt
quadratic:k7:k7*k73;	k16:k16*k73;	k34:k34*k73;	k76:k73*k76;
5 6 7 8 9 10 14 15 16 20 22 23 24 25 29 31 33 34 35 37 39 45 46 47 48 49 52 54 55 56 57 58 59 60 61 62 63 64 65 66 69 73 75 76 77  
allnum:45

res_26_22_19_0.txt
quadratic:k27:k27*k73;	k33:k33*k75;	k56:k56*k57;	k57:k56*k57;	k60:k60*k75;	k80:k73*k80;
22 27 31 33 37 40 47 48 49 56 57 58 59 60 62 63 64 65 66 67 69 73 75 77 80  
allnum:25

res_39_18_13_0.txt
quadratic:k0:k0*k73;	k1:k1*k73;	k18:k18*k73;	k23:k23*k73;	k28:k28*k29+k28*k73;	k42:k42*k73;	k72:k72*k73;
0 1 3 4 5 6 8 9 10 11 12 13 14 15 18 20 23 24 25 26 28 29 30 31 33 34 35 36 37 39 40 41 42 43 44 45 46 47 48 49 50 51 52 53 54 55 56 57 58 59 60 61 62 63 64 65 66 67 68 71 72 73 75 76 77 79 80  
allnum:67

res_41_25_15_8.txt
quadratic:k3:k3*k73;	k16:k16*k73;	k30:k30*k73;
3 11 12 16 20 26 28 29 30 31 33 37 38 39 40 41 45 46 47 51 52 53 54 55 56 57 58 59 60 62 63 64 65 66 67 68 69 73 75 77 79  
allnum:41

res_69_38_17_9.txt
quadratic:k58:k58*k59;	k59:k58*k59;
8 9 10 20 22 23 24 25 26 33 34 35 36 37 40 45 46 47 50 51 52 53 58 59 60 61 62 63 64 65 66 67 77  
allnum:33

res_69_66_35_4.txt
quadratic:k58:k58*k59;	k59:k58*k59;
8 9 10 19 20 21 22 23 25 26 27 33 35 37 39 40 41 45 46 47 50 51 52 53 54 58 59 60 61 62 63 64 65 66 67 68 69 77 79 80  
allnum:40

res_50_26_15_4.txt
quadratic:k38:k38*k77;
8 9 10 16 18 19 20 21 22 23 24 25 26 28 29 31 33 34 35 36 37 38 40 41 43 44 45 46 47 48 49 50 51 52 53 54 55 56 57 58 60 61 62 63 64 65 66 67 68 69 75 77 79  
allnum:53

res_68_17_15_13.txt
quadratic:k19:k19*k73;	k46:k46*k73;
3 5 6 7 8 9 10 12 19 25 26 28 29 30 31 32 33 34 35 36 37 39 40 41 44 45 46 50 51 52 53 54 55 56 57 58 59 60 61 62 63 64 65 66 67 68 69 70 73 75 77 79  
allnum:52

res_36_17_9_8.txt
quadratic:k71:k39*k71+k71;
7 8 9 10 12 20 21 22 23 24 25 26 29 30 31 32 33 34 35 36 37 38 39 40 41 45 46 47 48 49 50 51 52 53 54 55 56 57 58 59 60 61 62 63 64 65 66 67 68 69 71 73 75 77 79  
allnum:55

res_41_33_26_0.txt
quadratic:k59:k59*k73;	k79:k73*k79;
3 10 28 29 30 31 35 36 37 55 56 57 58 59 60 61 62 63 65 73 75 77 79 80  
allnum:24

res_51_17_9_6.txt
quadratic:k39:k39*k73+k39;
8 9 10 18 20 26 29 31 33 35 36 37 39 43 44 45 46 47 51 52 53 54 55 56 57 58 59 60 61 62 63 64 69 71 73 75 77  
allnum:37

res_41_17_13_8.txt
quadratic:k21:k21*k73;
1 7 12 13 16 17 21 23 25 26 30 31 32 33 34 35 37 38 39 40 41 42 43 44 46 47 48 49 50 51 52 53 55 56 57 58 59 60 61 62 63 64 65 66 67 68 69 73 75 76 77 79  
allnum:52

res_51_50_17_8.txt
quadratic:k2:k2*k73;	k11:k11*k59+k11*k73;	k13:k13*k59;	k16:k16*k73;	k22:k22*k59;	k23:k23*k73;	k28:k28*k73;	k74:k73*k74;
0 2 5 8 9 10 11 12 13 16 19 20 21 22 23 24 25 28 29 30 31 32 33 35 37 38 39 40 41 45 46 47 48 49 50 51 52 54 55 56 57 58 59 60 61 62 63 64 65 66 67 68 69 73 74 75 76 77 79  
allnum:59

res_22_17_15_0.txt
quadratic:k7:k7*k73;	k16:k16*k73;	k34:k34*k73;	k39:k39*k73+k39*k75;	k49:k49*k73;	k76:k73*k76;	k79:k73*k79;
3 4 5 6 7 8 9 10 13 14 15 16 25 26 27 28 29 30 31 33 34 35 37 39 40 41 48 49 50 51 52 53 54 55 56 57 58 59 60 61 62 63 64 65 66 67 69 73 75 76 77 79  
allnum:52

res_26_22_17_1.txt
quadratic:k30:k30*k75;
10 21 22 23 25 29 30 33 35 36 37 39 40 47 48 49 54 55 56 58 59 60 61 62 63 64 65 66 67 69 73 75 77 79 80  
allnum:35

res_53_51_35_15.txt
quadratic:k42:k42*k73;
6 7 8 9 10 12 18 19 20 21 23 24 25 26 27 28 29 31 33 34 35 37 39 40 41 42 43 44 45 46 47 49 50 51 52 53 54 55 56 57 58 59 60 61 62 63 64 65 66 67 68 69 70 71 73 75 77 79 80  
allnum:59

res_35_17_8_4.txt
quadratic:k6:k6*k75;
4 5 6 7 8 9 10 12 13 15 16 19 20 21 22 23 24 25 26 27 29 30 31 32 33 34 35 36 37 38 39 40 41 42 43 46 47 48 49 50 51 52 53 54 55 56 57 58 59 60 61 62 63 64 65 66 67 68 69 72 73 75 77 79 80  
allnum:65

res_63_38_33_8.txt
quadratic:k14:k14*k73;	k18:k18*k73;	k72:k72*k73;
2 3 4 5 6 7 8 9 10 12 14 15 16 18 19 20 21 22 23 24 25 26 27 28 29 30 31 32 33 34 35 36 37 38 39 40 41 42 43 44 45 46 47 48 49 50 51 52 53 54 55 56 57 58 59 60 61 62 63 64 65 66 67 68 69 70 72 73 74 75 77 78 79 80  
allnum:74

res_38_17_13_1.txt
quadratic:k5:k5*k6+k5*k31;	k6:k5*k6;	k14:k14*k15;	k15:k14*k15;	k32:k31*k32+k32;	k48:k48*k49;	k49:k48*k49+k49;
2 4 5 6 7 11 12 14 15 16 22 23 24 25 26 27 29 30 31 32 33 35 37 38 39 40 41 42 43 48 49 50 51 52 53 54 55 56 57 58 59 60 61 62 63 64 65 66 67 68 69 73 74 75 76 77 79  
allnum:57

res_69_50_25_15.txt
quadratic:k42:k38*k42+k42;
9 10 11 18 19 20 21 22 23 24 25 26 27 28 33 34 35 36 37 38 39 40 41 42 43 44 45 46 47 49 50 51 52 53 54 55 56 57 58 59 60 62 63 64 65 66 67 68 69 75 77 79 80  
allnum:53

res_50_34_2_0.txt
quadratic:k59:k58*k59;
3 8 9 10 13 18 20 26 27 28 29 30 31 33 38 39 40 43 44 45 46 47 51 52 53 54 55 56 57 58 59 60 61 63 65 66 67 73 75 77  
allnum:40

res_39_33_13_1.txt
quadratic:k42:k42*k73;
2 3 6 7 8 9 10 12 13 15 18 19 20 21 22 23 24 25 26 27 28 29 30 31 32 33 34 35 36 37 38 39 41 42 43 44 45 46 47 48 49 50 51 52 53 54 55 56 57 58 59 60 61 62 63 64 65 66 67 68 69 70 71 73 74 75 77 79 80  
allnum:69

res_19_13_9_0.txt
quadratic:k12:k12*k75;
4 5 6 8 9 10 12 13 14 15 16 20 26 31 33 35 39 41 42 45 46 47 48 52 56 57 58 59 60 61 62 63 65 66 67 68 69 73 75 77 79 80  
allnum:42

res_69_25_17_8.txt
quadratic:k38:k38*k39;	k39:k38*k39;	k47:k47*k48;	k48:k47*k48;	k54:k54*k55;	k55:k54*k55;
8 9 10 13 14 22 29 31 33 35 36 37 38 39 40 47 48 49 52 54 55 56 57 58 59 60 61 63 65 73 75 77 79  
allnum:33

res_69_38_25_3.txt
quadratic:k5:k5*k77;
4 5 7 8 9 10 11 12 14 18 20 21 22 23 24 25 26 27 29 30 31 32 33 34 35 36 37 38 39 40 41 43 44 45 46 47 48 49 50 51 52 53 54 55 56 57 58 59 60 61 62 63 64 65 66 67 68 69 73 75 77 79 80  
allnum:63

res_76_34_2_0.txt
quadratic:k24:k24*k73;
0 1 2 3 4 5 6 7 8 9 10 11 13 14 15 16 17 18 19 20 22 23 24 25 26 27 28 29 30 31 32 33 34 35 37 38 39 40 41 42 43 44 45 46 47 48 49 50 51 52 53 54 55 56 57 58 59 60 61 62 63 64 65 66 67 68 69 70 72 73 75 77 79 80  
allnum:74

res_41_36_25_17.txt
quadratic:k12:k12*k75;	k25:k25*k73;	k63:k63*k75;
12 25 29 31 33 37 39 40 54 55 56 57 58 59 60 61 63 65 66 67 73 75 77  
allnum:23

res_69_13_10_1.txt
quadratic:k73:k73*k77;
8 9 10 13 20 22 26 27 28 35 37 38 39 40 45 46 47 48 49 51 52 53 54 55 57 60 61 62 63 64 65 66 67 69 73 75 77  
allnum:37

res_36_34_23_15.txt
quadratic:k60:k60*k61;	k61:k60*k61;
35 60 61 62 77  
allnum:5

res_38_36_17_13.txt
quadratic:k54:k54*k55;	k55:k54*k55;
29 31 33 39 54 55 56 57 58 59 60 73 75 77  
allnum:14

res_39_38_36_15.txt
quadratic:k25:k25*k73;
8 9 10 11 18 20 21 22 23 24 25 29 31 33 34 35 36 37 38 39 40 43 44 45 46 47 49 50 51 52 54 55 56 57 58 59 60 61 62 63 64 65 66 67 69 71 73 75 77 79  
allnum:50

res_25_17_15_1.txt
quadratic:k35:k35*k65;	k62:k62*k65;
3 12 18 22 28 29 30 31 33 35 39 43 44 45 47 48 49 56 57 58 59 60 61 62 63 65 73 75 77  
allnum:29

res_63_38_34_25.txt
quadratic:k12:k12*k77+k12;	k27:k27*k73;
1 8 9 10 12 15 20 25 27 29 31 33 35 37 40 42 45 46 47 52 56 57 58 59 60 61 62 63 64 65 66 67 69 73 75 77  
allnum:36

res_69_66_15_9.txt
quadratic:k25:k24*k25+k25;
8 9 10 14 18 19 20 22 23 24 25 26 27 29 31 33 34 35 36 37 39 40 41 43 44 45 46 47 49 50 51 52 53 54 55 56 57 58 59 60 61 62 63 64 65 66 67 68 69 71 73 75 77  
allnum:53

res_63_50_37_33.txt
quadratic:k12:k12*k38+k12;
8 9 10 12 18 20 23 25 27 29 31 33 34 35 36 37 38 40 43 44 45 46 47 48 49 50 52 53 54 55 56 57 58 59 60 61 62 63 64 65 66 67 69 73 75 77 78 79 80  
allnum:49

res_36_26_17_8.txt
quadratic:k39:k39*k77;
8 9 10 20 35 36 37 39 45 46 47 52 61 63 65 69 77 79  
allnum:18

res_33_13_8_0.txt
quadratic:k31:k31*k73;	k39:k39*k73;
8 9 10 12 16 25 29 30 31 33 35 37 39 40 41 52 54 55 56 58 59 60 61 62 63 64 65 66 67 69 73 75 77 79 80  
allnum:35

res_25_17_13_6.txt
quadratic:k13:k13*k73;	k22:k22*k73;	k49:k49*k73;
3 5 11 12 13 22 25 26 28 29 30 31 32 33 35 37 38 39 40 41 47 48 49 51 52 53 54 55 56 57 58 59 60 61 62 63 64 65 66 67 68 69 73 75 77 79  
allnum:46

res_22_17_9_1.txt
quadratic:k25:k25*k30;
6 7 8 9 10 12 20 22 24 25 27 29 30 31 32 33 34 35 36 37 39 45 46 47 48 49 50 52 53 54 55 56 57 58 59 60 61 62 63 64 65 66 69 73 75 77 79 80  
allnum:48

res_69_26_17_8.txt
quadratic:k54:k54*k55;	k55:k54*k55;
8 9 10 18 29 35 36 37 43 44 45 52 54 55 56 61 63 77  
allnum:18

res_51_33_17_4.txt
quadratic:k23:k23*k73+k23;	k28:k28*k73;
4 5 6 7 8 9 10 14 15 16 17 20 23 24 25 26 27 28 29 30 31 32 33 34 35 37 39 40 41 42 43 44 45 46 47 48 49 51 52 53 54 55 56 57 58 59 60 61 62 63 64 65 66 67 68 69 71 72 73 75 76 77 79  
allnum:63

res_69_39_17_1.txt
quadratic:k64:k64*k73;
8 9 10 14 24 29 31 33 35 36 37 49 50 51 52 54 55 56 57 58 59 60 61 62 63 64 65 66 67 68 69 73 75 77 80  
allnum:35

res_66_51_38_17.txt
quadratic:k50:k39*k50+k50;	k71:k39*k71+k71;
0 3 8 9 10 13 15 17 18 20 24 25 26 27 28 29 30 31 32 33 34 35 36 37 39 40 41 42 43 44 45 46 47 50 51 52 53 54 55 56 57 58 59 60 61 62 63 64 65 66 67 68 69 70 71 72 73 75 77 78 79  
allnum:61

res_51_25_17_13.txt
quadratic:k20:k20*k39+k20;
0 1 2 4 5 6 7 11 12 13 14 15 16 20 21 22 23 26 28 29 30 31 32 33 34 35 37 38 39 40 41 42 45 46 47 48 49 50 51 52 53 54 55 56 57 58 59 60 61 62 63 64 65 66 67 68 69 70 73 74 75 76 77 79 80  
allnum:65

res_76_41_21_13.txt
quadratic:k14:k14*k73;	k50:k50*k73;
12 14 20 22 23 24 25 26 27 28 29 30 31 33 35 38 39 40 41 45 46 47 48 49 50 51 52 53 54 55 56 57 58 59 60 61 62 63 64 65 66 67 68 69 73 75 76 77 79  
allnum:49

res_38_36_15_13.txt
quadratic:k54:k54*k55;	k55:k54*k55;
18 22 29 31 33 39 43 44 45 47 48 49 54 55 56 57 58 59 60 63 73 75 77  
allnum:23

res_53_51_25_17.txt
quadratic:k25:k25*k73;	k40:k40*k73;
8 9 10 11 13 15 20 21 22 23 25 26 28 31 33 35 37 38 39 40 45 46 47 48 49 52 53 54 55 56 57 58 59 60 61 62 63 64 65 73 75 77  
allnum:42

res_69_63_38_9.txt
quadratic:k58:k58*k59;	k59:k58*k59;
8 9 10 20 22 23 24 33 34 35 36 37 40 45 46 47 52 55 58 59 60 61 62 63 64 65 66 67 75 77 78 79 80  
allnum:33

res_39_33_18_13.txt
quadratic:k36:k36*k73;	k78:k73*k78;
1 3 4 5 6 7 8 9 10 13 14 15 16 18 20 21 22 23 24 25 26 27 28 29 30 31 32 33 34 35 36 38 39 40 41 42 43 44 45 46 47 48 49 50 51 52 53 54 55 56 57 58 59 60 61 62 63 64 65 66 67 68 69 72 73 75 76 77 78 79 80  
allnum:71

res_66_39_13_9.txt
quadratic:k18:k18*k73;	k41:k41*k73;	k51:k51*k73;	k72:k72*k73;	k78:k73*k78;
6 7 8 9 10 13 18 19 20 21 22 24 26 29 31 32 33 34 35 36 37 38 39 40 41 43 44 45 46 47 48 49 50 51 52 53 54 55 56 57 58 59 60 61 62 63 64 65 66 67 68 69 71 72 73 75 76 77 78  
allnum:59

res_69_63_39_9.txt
quadratic:k16:k16*k75;
8 9 10 12 14 16 22 23 24 25 27 29 33 34 35 36 37 47 48 49 50 51 52 54 55 56 58 59 60 61 62 63 64 65 73 75 77  
allnum:37

res_69_66_17_9.txt
quadratic:k25:k24*k25+k25;
8 9 10 18 20 24 25 27 28 29 30 31 33 34 35 36 37 39 41 43 44 45 46 47 49 50 51 52 53 54 55 56 57 58 59 60 61 62 63 64 65 69 71 73 75 77  
allnum:46

res_50_34_15_0.txt
quadratic:k31:k31*k75+k31;	k59:k58*k59;
18 20 23 31 33 40 43 44 45 46 47 56 57 58 59 60 63 65 66 67 69 75 77  
allnum:23

res_38_19_13_1.txt
quadratic:k40:k40*k77+k40;
3 9 12 15 18 19 20 22 23 24 25 27 28 29 30 31 32 33 34 35 36 37 38 39 40 42 43 44 45 46 47 48 49 50 51 52 53 54 55 56 57 58 59 60 61 62 63 64 65 66 67 68 69 71 73 74 75 77 79 80  
allnum:60

res_15_9_7_4.txt
quadratic:k17:k17*k75;
2 3 4 5 6 7 8 9 10 12 13 14 15 16 17 18 20 22 23 24 25 26 27 28 29 30 31 32 33 34 35 36 37 38 39 40 41 42 43 44 45 46 47 48 49 50 51 52 53 54 55 56 57 58 59 60 61 62 63 64 65 66 67 68 69 73 74 75 76 77 79  
allnum:71

res_53_38_34_17.txt
quadratic:k58:k58*k59;	k59:k58*k59;
8 9 10 12 20 25 29 30 31 33 35 36 37 41 45 46 47 52 58 59 60 61 62 63 64 65 73 77 79 80  
allnum:30

res_39_17_15_6.txt
quadratic:k39:k39*k73+k39*k75;	k73:k39*k73;
3 8 9 10 28 29 30 31 39 41 52 54 55 56 57 58 59 61 63 65 73 75 77  
allnum:23

res_50_13_1_0.txt
quadratic:k27:k27*k75;
11 20 24 25 26 27 29 30 31 33 36 37 38 40 45 46 47 49 50 51 52 53 54 55 56 57 58 59 60 61 63 65 66 67 69 73 75 77  
allnum:38

res_39_15_13_4.txt
quadratic:k3:k3*k77;
3 5 6 7 8 11 15 18 23 25 27 28 29 30 31 32 33 35 37 39 40 41 43 44 45 48 49 50 52 53 54 55 56 57 58 59 60 61 62 63 64 65 66 67 69 71 72 73 75 77 79  
allnum:51

res_41_13_10_1.txt
quadratic:k7:k7*k73;	k16:k16*k73;	k28:k28*k29;	k30:k30*k73;	k76:k73*k76;
3 5 6 7 9 10 12 14 15 16 20 22 24 28 29 30 31 33 34 35 36 37 38 39 41 45 46 47 48 49 50 51 54 55 56 57 58 59 60 61 62 63 64 65 66 69 73 75 76 77  
allnum:50

res_51_50_41_38.txt
quadratic:k25:k25*k73;	k75:k61*k75+k75;
8 9 10 20 25 31 35 36 37 45 46 47 52 56 57 58 61 63 69 73 75 77  
allnum:22

