res_-1_37_17_1.txt
balance:30  
29 30 31 33 35 40 54 55 56 57 58 59 60 61 62 65 66 67 69 73 75 77  
allnum:22

res_-1_63_51_22.txt
balance:73  
33 58 59 60 73 75  
allnum:6

res_-1_63_39_38.txt
balance:4  
4 8 9 10 20 25 27 29 30 31 33 35 45 46 47 52 54 55 56 57 58 59 60 61 62 63 73 75  
allnum:28

res_-1_39_18_13.txt
balance:6  
4 6 11 12 20 23 26 29 30 31 32 33 35 41 45 46 47 48 49 50 58 59 60 61 62 63 65 73 75 76 77  
allnum:31

res_-1_21_15_9.txt
balance:71  
8 9 10 13 18 20 22 23 24 26 27 28 29 31 33 35 37 39 40 41 43 44 45 46 47 49 50 51 52 53 54 55 56 57 58 59 60 61 62 63 64 65 66 67 68 69 71 73 75 77 79  
allnum:51

res_-1_13_8_1.txt
balance:73  
61 73 75 77  
allnum:4

res_-1_41_26_17.txt
balance:1  
1 16 20 33 35 45 46 47 58 59 60 61 62 63 65 73 75 77 79  
allnum:19

res_-1_69_63_25.txt
balance:0 13 50 51 69 71 72 78  
0 8 9 10 11 12 13 14 15 16 20 22 25 26 28 31 32 33 34 35 38 39 40 41 45 46 47 48 49 50 51 52 53 54 55 56 57 58 59 60 61 62 63 65 66 67 68 69 71 72 73 75 76 77 78  
allnum:55

res_-1_69_15_9.txt
balance:25 33  
8 9 10 20 25 33 35 40 45 46 47 52 58 59 60 61 62 63 65 66 67 73 75 77  
allnum:24

res_-1_53_26_9.txt
balance:73  
20 37 40 45 46 47 62 63 64 65 66 67 73 75 77  
allnum:15

res_-1_22_9_2.txt
balance:12  
8 9 10 12 29 31 33 35 37 41 52 54 55 56 57 58 59 60 61 62 63 64 65 73 75 77 79  
allnum:27

res_-1_39_35_0.txt
balance:63 75  
31 33 56 57 58 59 60 63 65 73 75 77  
allnum:12

res_-1_34_26_0.txt
balance:73  
73  
allnum:1

res_-1_38_21_0.txt
balance:63  
31 56 57 58 63 69 73 75  
allnum:8

res_-1_39_1_0.txt
balance:13 15  
2 5 10 11 12 13 15 20 22 23 24 25 26 28 30 31 33 35 38 39 40 41 45 46 47 48 49 50 51 52 53 54 55 56 57 58 59 60 61 62 63 64 65 66 67 68 69 70 73 74 75 77 79  
allnum:53

res_-1_69_40_26.txt
balance:75  
8 9 10 18 20 37 40 45 46 47 52 61 62 63 64 65 66 67 75 77 79  
allnum:21

res_-1_38_35_0.txt
balance:63  
31 56 57 58 63 75  
allnum:6

res_-1_39_19_13.txt
balance:7 34  
3 7 12 28 29 30 31 32 33 34 35 39 40 41 53 54 55 56 57 58 59 60 61 62 65 66 67 69 73 75 76 77  
allnum:32

res_-1_34_18_0.txt
balance:12  
12 13 18 22 26 31 39 41 43 44 45 47 48 49 56 57 58 63 65 73 75 77  
allnum:22

res_-1_69_15_10.txt
balance:0 50 71 72 78  
0 9 10 11 12 13 14 16 19 20 21 22 23 24 25 26 29 31 32 33 34 35 36 37 38 39 40 41 45 46 47 48 49 50 51 52 53 54 55 56 57 58 59 60 61 62 63 64 65 66 67 68 69 71 72 73 75 76 77 78  
allnum:60

res_-1_26_15_9.txt
balance:13 40 49 61  
13 20 22 23 24 25 26 28 31 38 39 40 41 45 46 47 48 49 51 52 53 54 56 57 58 59 61 63 65 66 67 68 69 70 73 75 77  
allnum:37

res_-1_66_36_17.txt
balance:12 50 71  
8 9 10 12 20 26 29 31 33 35 36 37 39 40 41 45 46 47 50 51 52 53 54 55 56 57 58 59 60 61 62 63 64 65 66 67 68 71 73 75 77  
allnum:41

res_-1_69_55_41.txt
balance:73  
33 58 59 60 73 75 77  
allnum:7

res_-1_40_22_17.txt
balance:16 64 70 79  
0 2 4 5 6 7 8 9 11 12 13 14 15 16 17 18 19 20 21 22 23 24 25 26 27 28 29 30 31 32 33 34 35 36 37 38 39 40 41 42 43 44 45 47 48 49 50 51 52 53 54 55 56 57 58 59 60 61 62 63 64 65 66 67 68 69 70 72 73 74 75 76 77 78 79 80  
allnum:76

res_-1_35_10_8.txt
balance:73  
31 33 38 40 56 57 58 59 60 73 75 77  
allnum:12

res_-1_51_15_4.txt
balance:73  
33 35 37 39 58 59 60 61 62 63 64 65 73 75 77  
allnum:15

res_-1_68_26_15.txt
balance:13  
8 9 10 11 13 15 18 20 22 24 25 26 27 31 33 35 36 37 38 39 40 41 43 44 45 46 47 48 49 50 51 52 53 55 56 57 58 59 60 61 62 63 64 65 66 67 68 71 73 77 79 80  
allnum:52

res_-1_22_1_0.txt
balance:27  
22 25 27 30 33 35 37 47 48 49 58 59 60 61 62 63 64 65 69 73 75 77 79  
allnum:23

res_-1_51_1_0.txt
balance:73  
73  
allnum:1

res_-1_39_25_9.txt
balance:59  
8 33 34 35 59 65 77 79  
allnum:8

res_-1_69_40_25.txt
balance:75  
20 45 46 47 75 77  
allnum:6

res_-1_22_19_0.txt
balance:6 15 57  
4 5 6 8 9 10 13 14 15 22 25 26 29 30 31 33 35 40 47 48 49 50 51 52 56 57 58 59 60 61 62 63 65 66 67 73 75 77 80  
allnum:39

res_-1_26_17_13.txt
balance:20  
0 2 9 11 12 15 20 22 23 25 26 29 30 31 32 33 34 35 38 39 40 41 45 46 47 48 49 50 51 52 53 54 55 56 57 58 59 60 61 62 63 65 66 67 68 69 71 72 73 74 75 76 77 78  
allnum:54

res_-1_21_17_9.txt
balance:50 71  
13 20 22 23 24 25 26 28 29 30 31 33 35 37 39 40 41 45 46 47 50 51 52 53 54 55 56 57 58 59 60 61 62 63 64 65 66 67 68 69 71 73 75 77 79  
allnum:45

res_-1_26_15_8.txt
balance:13 49  
8 9 10 13 18 20 21 22 23 26 33 35 36 37 38 39 40 41 43 44 45 46 47 48 49 51 52 53 58 59 60 61 63 64 65 66 67 68 73 75 77  
allnum:41

res_-1_69_40_15.txt
balance:0 12 13 15 50 51 54 71 72 78  
0 8 9 10 11 12 13 14 15 16 18 20 22 25 26 31 32 33 34 35 36 37 38 39 40 41 43 44 45 46 47 48 49 50 51 52 53 54 56 57 58 59 60 61 62 63 65 66 67 68 69 71 72 73 75 76 77 78  
allnum:58

res_-1_63_51_26.txt
balance:73  
29 33 37 39 54 55 56 58 59 60 62 63 64 65 73 75 77 79  
allnum:18

res_-1_39_26_13.txt
balance:73  
35 60 61 62 73 75 77  
allnum:7

res_-1_63_35_9.txt
balance:4  
4 12 13 14 18 20 22 28 29 30 31 33 38 39 40 41 43 44 45 46 47 48 49 53 54 55 56 57 58 59 60 61 63 73 75  
allnum:35

res_-1_63_35_33.txt
balance:37 64  
6 8 12 25 30 31 32 33 34 35 37 40 56 57 58 59 60 61 62 63 64 65 66 67 69 73 75  
allnum:27

res_-1_22_17_9.txt
balance:12  
8 9 10 12 31 33 35 37 52 56 57 58 59 60 61 62 63 64 65 69 73 75 77 79  
allnum:24

res_-1_50_17_4.txt
balance:73  
4 5 6 7 27 31 32 33 34 35 38 40 48 52 53 54 56 57 58 59 60 61 62 65 73 75 77  
allnum:27

res_-1_50_1_0.txt
balance:73  
10 35 36 37 40 62 63 64 65 66 67 73 77  
allnum:13

res_-1_22_17_8.txt
balance:11  
11 19 20 21 25 26 31 33 35 37 39 40 51 52 53 55 56 57 58 59 60 61 62 63 64 65 66 67 69 73 75 77 79  
allnum:33

res_-1_68_37_13.txt
balance:73  
35 60 61 62 73 75  
allnum:6

res_-1_69_25_15.txt
balance:0 12 13 15 50 54 71 72 73 78  
0 9 10 11 12 13 15 19 20 21 22 23 24 25 26 31 32 33 34 35 36 37 38 39 40 41 45 46 47 48 49 50 51 52 53 54 56 57 58 59 60 61 62 63 64 65 66 67 68 69 71 72 73 75 76 77 78  
allnum:57

res_-1_39_13_1.txt
balance:75  
35 60 61 62 65 73 75  
allnum:7

res_-1_51_50_3.txt
balance:72 78 80  
0 6 7 8 9 10 11 12 15 18 19 20 21 22 23 24 25 26 27 28 29 30 31 32 33 34 35 36 37 38 39 40 41 42 43 44 45 46 47 48 49 50 51 52 53 54 55 56 57 58 59 60 61 62 63 64 65 66 67 68 69 71 72 73 75 76 77 78 79 80  
allnum:70

res_-1_53_35_9.txt
balance:73  
8 9 10 20 33 37 38 39 45 46 47 52 55 61 62 63 64 65 66 73 77  
allnum:21

res_-1_66_39_13.txt
balance:24  
6 11 12 22 24 25 26 28 31 32 33 35 38 39 40 41 47 48 49 53 54 55 56 57 58 59 60 61 62 66 67 68 69 70 73 75 77  
allnum:37

res_-1_51_50_15.txt
balance:15 42  
2 4 5 8 9 10 11 13 14 15 18 19 20 21 22 23 24 25 26 28 29 30 31 32 33 35 36 37 38 39 40 41 42 43 44 45 46 47 48 49 50 51 52 53 54 55 56 57 58 59 60 61 62 63 64 65 66 67 68 69 73 74 75 77  
allnum:64

res_-1_51_13_1.txt
balance:73  
73  
allnum:1

res_-1_68_39_9.txt
balance:4 31  
4 6 7 8 9 10 12 13 18 20 22 24 26 29 30 31 33 34 35 36 37 38 39 40 41 43 44 45 46 47 48 49 50 51 52 53 54 55 56 57 58 59 60 61 62 63 64 65 66 67 68 73 75 77 79 80  
allnum:56

res_-1_51_37_33.txt
balance:37 64  
8 9 10 18 20 27 33 34 35 37 43 44 45 46 47 52 53 54 61 62 63 64 77  
allnum:23

res_-1_66_35_33.txt
balance:37 64  
6 8 12 14 15 16 25 31 32 33 34 35 37 40 56 57 58 59 60 61 62 63 64 65 66 67 69 73 75 77 79  
allnum:31

res_-1_41_26_15.txt
balance:1  
1 10 16 20 22 33 35 36 37 45 46 47 48 49 55 58 59 60 61 62 63 65 73 75 77 79  
allnum:26

res_-1_55_34_15.txt
balance:33  
18 20 26 31 33 35 43 44 45 46 47 51 52 53 56 57 58 59 60 61 62 63 65 73 75 77  
allnum:26

res_-1_41_35_0.txt
balance:75  
75  
allnum:1

res_-1_68_39_13.txt
balance:11  
8 9 10 11 25 31 33 34 35 37 39 41 52 56 57 58 59 60 61 62 63 64 65 69 73 75 77 79  
allnum:28

res_-1_53_26_8.txt
balance:73  
8 9 10 20 40 45 46 47 52 61 63 65 66 67 69 73 77 79  
allnum:18

res_-1_17_13_9.txt
balance:29  
0 9 11 12 13 15 22 25 26 29 31 32 33 34 35 38 39 40 47 48 49 51 52 53 54 55 56 57 58 59 60 61 62 63 65 66 67 68 69 72 73 75 76 77 78  
allnum:45

res_-1_36_25_19.txt
balance:39 75  
8 9 10 20 31 35 36 37 39 40 45 46 47 52 56 57 58 61 63 65 66 67 69 75 77  
allnum:25

res_-1_39_38_13.txt
balance:73  
73  
allnum:1

res_-1_39_26_3.txt
balance:11 17 26 68  
0 3 4 5 6 7 8 9 10 11 13 14 15 16 17 18 20 21 22 24 25 26 28 29 30 31 32 33 34 35 36 37 39 40 41 42 43 44 45 46 47 48 49 50 52 54 55 56 57 58 59 60 61 62 63 64 65 66 67 68 71 73 75 76 77 79  
allnum:66

res_-1_39_13_2.txt
balance:6 24 27 36  
0 2 4 6 8 9 11 12 13 15 17 20 22 23 24 25 26 27 28 29 30 31 32 33 34 35 36 38 39 40 41 42 43 44 45 46 47 48 49 50 51 52 53 54 55 56 57 58 59 60 61 62 63 65 66 67 68 69 70 71 72 73 74 75 76 77 78 79  
allnum:68

res_-1_51_18_0.txt
balance:73  
10 11 12 20 45 46 47 54 63 73 77  
allnum:11

res_-1_34_33_15.txt
balance:1 19  
0 1 3 4 5 6 11 12 13 14 15 17 18 19 20 21 22 23 24 25 26 27 28 29 30 31 32 33 35 37 38 39 40 41 42 43 44 45 46 47 48 49 50 51 52 53 54 55 56 57 58 59 60 61 62 63 64 65 66 67 68 69 70 71 72 73 74 75 76 77 79  
allnum:71

res_-1_68_34_15.txt
balance:33 60  
18 20 26 31 33 43 44 45 46 47 56 57 58 59 60 63 65 73 75 77  
allnum:20

res_-1_69_9_2.txt
balance:25  
7 8 9 10 11 18 20 21 22 23 24 25 26 33 34 35 36 37 38 40 41 43 44 45 46 47 49 50 51 52 53 54 55 58 59 60 61 62 63 64 65 66 67 68 73 74 75 77 79 80  
allnum:50

res_-1_69_39_25.txt
balance:75  
75  
allnum:1

res_-1_66_17_9.txt
balance:50 71  
4 5 6 12 13 16 22 23 24 26 28 29 30 31 33 35 37 38 39 40 41 47 48 49 50 51 52 53 54 55 56 57 58 59 60 61 62 63 64 65 66 67 68 69 71 73 75 77 79  
allnum:49

res_-1_53_40_0.txt
balance:75  
8 9 10 11 12 20 22 33 34 35 40 45 46 47 48 49 52 54 60 61 62 63 65 66 67 73 75 77 80  
allnum:29

res_-1_68_15_9.txt
balance:13  
8 9 10 12 13 14 18 20 22 25 29 31 33 35 36 37 38 39 40 45 46 47 48 49 52 54 55 56 57 58 59 60 61 62 63 64 65 66 67 73 75 77  
allnum:42

res_-1_38_10_9.txt
balance:73  
7 8 9 10 19 20 21 22 23 24 26 32 33 34 35 36 37 45 46 47 48 49 51 52 53 54 58 59 60 61 62 63 64 65 66 69 73 75 77 79  
allnum:40

res_-1_38_37_15.txt
balance:2 74  
0 1 2 8 9 10 11 13 18 19 20 21 22 24 25 26 29 30 31 32 33 34 35 36 37 38 39 40 41 43 44 45 46 47 48 49 50 51 52 53 54 55 56 57 58 59 60 61 62 63 64 65 66 67 68 69 71 72 73 74 75 76 77 78 79 80  
allnum:66

res_-1_15_9_0.txt
balance:73  
20 26 45 46 47 51 52 53 63 73 77  
allnum:11

res_-1_23_17_9.txt
balance:12  
6 7 8 12 33 35 50 58 59 60 61 62 63 65 75 77 79  
allnum:17

res_-1_35_18_0.txt
balance:31 58  
0 8 9 10 11 12 18 20 24 26 28 29 30 31 33 34 35 37 40 41 45 46 47 51 52 53 54 55 56 57 58 59 61 62 63 64 65 66 67 69 73 75 77 80  
allnum:44

res_-1_35_13_7.txt
balance:77  
77  
allnum:1

res_-1_63_38_26.txt
balance:73 75  
8 9 10 20 26 39 40 41 45 46 47 51 52 53 61 63 64 65 66 67 68 73 75 79  
allnum:24

res_-1_38_25_0.txt
balance:73  
73  
allnum:1

res_-1_34_19_0.txt
balance:12  
3 5 6 7 12 14 15 16 22 23 25 26 28 29 30 31 33 34 35 39 41 42 43 47 48 49 50 51 52 53 54 55 56 57 58 59 60 61 62 63 65 66 67 68 69 70 72 73 75 76 77 79  
allnum:52

res_-1_26_17_6.txt
balance:59  
20 21 22 23 24 35 37 38 39 45 46 47 49 50 51 59 62 63 64 65 66 77  
allnum:22

res_-1_17_15_9.txt
balance:3 30  
3 28 29 30  
allnum:4

res_-1_36_35_17.txt
balance:12 50 71  
8 9 10 12 25 29 30 31 33 35 39 40 50 52 54 55 56 57 58 59 60 61 62 63 65 66 67 71 73 75 77  
allnum:31

res_-1_37_25_13.txt
balance:63  
31 33 35 56 57 58 59 60 61 62 63 69 73 75 77  
allnum:15

res_-1_33_26_15.txt
balance:38  
3 4 5 6 7 8 9 10 12 13 14 15 16 18 20 21 22 23 24 25 26 28 29 30 31 32 33 34 35 36 37 38 39 40 41 43 44 45 46 47 48 49 50 51 52 53 55 56 57 58 59 60 61 62 63 64 65 66 67 68 73 75 76 77 79 80  
allnum:66

res_-1_26_22_19.txt
balance:73  
73  
allnum:1

res_-1_69_55_15.txt
balance:0 12 13 15 69 71 72 78  
0 8 9 10 11 12 13 15 16 18 20 22 24 25 26 27 29 31 32 33 34 35 37 38 39 40 41 43 44 45 46 47 48 49 50 51 52 53 54 55 56 57 58 59 60 61 62 63 64 65 66 67 68 69 71 72 73 75 76 77 78  
allnum:61

res_-1_68_26_8.txt
balance:73  
8 9 10 20 22 26 33 34 35 36 37 39 40 41 45 46 47 51 52 53 55 61 62 63 64 65 66 67 68 73 75 77 79 80  
allnum:34

res_-1_66_38_17.txt
balance:49  
0 3 6 7 8 9 10 12 13 14 15 16 17 18 19 20 22 23 24 25 26 27 28 29 30 31 32 33 34 35 36 37 38 39 40 41 42 43 44 45 46 47 48 49 50 51 52 53 54 55 56 57 58 59 60 61 62 63 64 65 66 67 68 69 70 71 72 73 75 76 77 78 79 80  
allnum:74

res_-1_36_35_15.txt
balance:12  
8 9 10 12 20 23 24 25 29 31 33 35 37 38 39 40 45 46 47 49 50 51 52 54 55 56 57 58 59 60 61 62 63 64 65 66 67 69 71 73 75 77  
allnum:42

res_-1_35_17_15.txt
balance:73  
5 30 31 32 33 58 59 60 73 75  
allnum:10

res_-1_26_17_9.txt
balance:13 22 40 49 61  
13 20 22 25 26 28 31 37 38 39 40 41 45 46 47 48 49 51 52 53 54 56 57 58 59 61 62 63 64 66 67 68 69 70 73 75 77  
allnum:37

res_-1_38_25_21.txt
balance:73  
31 37 56 57 58 63 73 75 77  
allnum:9

res_-1_13_9_2.txt
balance:29  
0 8 9 10 11 12 13 15 20 22 25 26 29 31 32 33 34 35 38 39 40 41 45 46 47 48 49 51 52 53 54 55 56 57 58 59 60 61 62 63 65 66 67 68 69 72 73 75 76 77 78 80  
allnum:52

res_-1_40_22_2.txt
balance:16 70  
0 2 4 5 6 7 8 9 10 11 12 13 14 15 16 17 18 20 21 22 23 24 25 26 27 28 29 30 31 32 33 34 35 36 37 38 39 40 41 42 43 44 45 47 48 49 50 51 52 53 54 55 56 57 58 59 60 61 62 63 64 65 66 67 68 69 70 72 73 74 75 76 77 78 79  
allnum:75

res_-1_69_25_17.txt
balance:0 9 12 13 15 50 51 54 69 71 72 73 78  
0 9 11 12 13 15 20 21 22 23 25 26 31 32 33 34 35 38 39 40 41 45 46 47 48 49 50 51 52 53 54 56 57 58 59 60 61 62 63 65 66 67 68 69 71 72 73 75 76 77 78  
allnum:51

res_-1_26_17_8.txt
balance:13 22 40 49 61  
13 22 28 33 37 38 39 40 47 48 49 58 59 60 61 62 63 64 65 73 75 77  
allnum:22

res_-1_51_50_17.txt
balance:15 42 80  
2 4 5 8 9 10 11 13 14 15 20 21 22 23 25 26 28 29 30 31 32 33 35 37 38 39 40 41 42 45 46 47 48 49 50 51 52 53 54 55 56 57 58 59 60 61 62 63 64 65 66 67 68 69 73 74 75 77 80  
allnum:59

res_-1_66_36_15.txt
balance:12  
8 9 10 12 20 24 26 29 31 33 35 36 37 39 40 41 45 46 47 49 50 51 52 53 54 55 56 57 58 59 60 61 62 63 64 65 66 67 68 69 71 73 75 77  
allnum:44

res_-1_40_26_17.txt
balance:13  
11 13 15 18 20 22 25 26 27 31 35 37 38 39 40 41 43 44 45 46 47 48 49 50 51 52 53 56 57 58 60 61 62 63 64 65 71 73 77 80  
allnum:40

res_-1_50_35_25.txt
balance:63  
63  
allnum:1

res_-1_69_25_10.txt
balance:73  
73  
allnum:1

res_-1_38_13_2.txt
balance:29  
8 9 10 20 25 26 29 31 33 35 39 40 41 45 46 47 51 52 53 54 55 56 57 58 59 60 61 62 63 64 65 66 67 68 69 73 75 77  
allnum:38

res_-1_63_39_37.txt
balance:4  
1 4 18 19 27 28 29 30 31 32 33 34 35 37 40 43 44 45 46 52 53 54 55 56 57 58 59 60 61 62 63 64 65 66 67 69 70 73 75 77 78 79  
allnum:42

res_-1_25_22_17.txt
balance:1 15 64  
0 1 9 13 15 16 22 25 26 31 32 33 34 35 37 38 39 40 41 47 48 49 50 51 52 53 54 56 57 58 59 60 61 62 63 64 65 66 67 68 69 71 72 73 75 76 77 78 79  
allnum:49

res_-1_41_26_13.txt
balance:73 77  
33 58 59 60 73 75 77  
allnum:7

res_-1_22_15_8.txt
balance:11  
8 11 26 31 33 34 35 37 39 40 41 51 52 53 55 56 57 58 59 60 61 62 63 64 65 66 67 69 73 75 77 79  
allnum:32

res_-1_76_26_15.txt
balance:29  
0 7 8 9 10 11 12 15 20 22 24 25 26 29 31 32 33 34 35 36 37 38 39 40 41 45 46 47 48 49 50 51 52 53 54 55 56 57 58 59 60 61 62 63 64 65 66 67 68 69 71 72 73 75 76 77 78 79  
allnum:58

res_-1_69_9_3.txt
balance:25  
7 8 9 10 11 18 20 21 22 23 24 25 26 33 34 35 36 37 38 40 41 43 44 45 46 47 49 50 51 52 53 54 55 59 60 61 62 63 64 65 66 67 68 73 74 75 77 79 80  
allnum:49

res_-1_22_7_0.txt
balance:63  
63 65 75  
allnum:3

res_-1_39_17_13.txt
balance:6 13 24 27 36  
0 1 2 3 6 8 9 11 12 13 15 17 18 19 22 23 24 25 26 27 28 29 30 31 32 33 34 35 36 37 38 39 40 41 42 43 44 45 46 47 48 49 50 51 52 53 54 55 56 57 58 59 60 61 62 63 64 65 66 67 68 69 71 72 73 74 75 76 77 78 79  
allnum:71

res_-1_66_15_9.txt
balance:50 71  
8 9 10 12 13 22 23 24 26 28 29 31 33 35 38 39 40 41 47 48 49 50 51 52 53 54 55 56 57 58 59 60 61 62 63 64 65 66 67 68 69 71 73 75 77 79  
allnum:46

res_-1_51_50_41.txt
balance:75  
31 33 56 57 58 59 60 61 65 73 75 77  
allnum:12

res_-1_39_26_9.txt
balance:73  
8 9 10 18 20 37 40 45 46 47 52 55 61 62 63 64 65 66 67 73 75 77  
allnum:22

res_-1_26_13_1.txt
balance:73 75  
73 75  
allnum:2

res_-1_33_26_17.txt
balance:21  
3 4 5 6 7 8 9 10 12 13 14 15 16 18 20 21 24 25 26 28 29 30 31 32 33 34 35 36 37 38 39 40 41 43 44 45 46 47 48 49 50 51 52 53 54 55 56 57 58 59 60 61 62 63 64 65 66 67 68 71 73 75 76 77 79 80  
allnum:66

res_-1_39_15_13.txt
balance:6 24 27 30 36 63  
0 2 6 8 9 11 13 15 17 22 23 24 25 26 27 28 29 30 31 32 33 34 35 36 38 39 40 41 42 43 44 46 47 48 49 50 51 52 53 54 55 56 57 58 59 60 61 62 63 65 66 67 68 69 71 72 73 74 75 76 77 78 79  
allnum:63

res_-1_68_38_13.txt
balance:73  
20 37 40 45 46 47 62 63 64 65 66 67 69 73 77 79  
allnum:16

res_-1_53_51_33.txt
balance:37 64  
31 33 37 56 57 58 59 60 62 63 64 65 73 75 77  
allnum:15

res_-1_66_26_9.txt
balance:73  
8 9 10 20 24 26 27 37 39 40 41 45 46 47 49 50 51 52 53 54 61 62 63 64 65 66 67 68 73 75 77 79  
allnum:32

res_-1_41_26_2.txt
balance:1  
1 6 7 8 9 10 13 16 20 22 24 26 27 28 31 32 33 34 35 36 37 38 39 40 45 46 47 48 49 51 52 53 54 55 56 57 58 59 60 61 62 63 65 66 67 73 75 77 79  
allnum:49

res_-1_55_38_13.txt
balance:73  
8 9 10 20 26 39 40 41 45 46 47 51 52 53 61 63 64 65 66 67 68 69 73 77  
allnum:24

res_-1_69_63_33.txt
balance:38  
20 33 38 45 46 47 58 59 60 61 63 65 73 75 79  
allnum:15

res_-1_66_37_15.txt
balance:22  
3 8 9 10 11 13 14 16 18 19 20 22 23 24 25 26 27 28 29 30 31 32 33 34 35 36 37 38 39 40 41 42 43 44 45 46 47 48 49 50 51 52 53 54 55 56 57 58 59 60 61 62 63 64 65 66 67 68 69 71 72 73 75 76 77 78 79 80  
allnum:68

res_-1_13_10_1.txt
balance:41  
8 9 10 12 13 20 22 26 27 28 30 33 35 37 38 39 40 41 45 46 47 48 49 51 52 53 54 55 58 59 60 61 62 63 64 65 69 73 75 77  
allnum:40

res_-1_26_15_6.txt
balance:59  
8 9 10 19 20 21 24 35 37 38 39 45 46 47 49 50 51 52 59 61 62 63 64 65 66 77 79  
allnum:27

res_-1_22_15_9.txt
balance:12  
12 31 33 35 37 56 57 58 59 60 61 62 73 75 77  
allnum:15

res_-1_69_41_25.txt
balance:73  
33 58 59 60 73 75 77  
allnum:7

res_-1_26_22_3.txt
balance:12  
8 12 20 25 27 29 30 33 34 35 45 46 47 54 55 56 58 59 60 61 62 63 65 69 73 75 77  
allnum:27

res_-1_63_26_8.txt
balance:4 13  
4 8 9 10 11 13 15 20 22 25 26 28 29 30 31 33 37 38 39 40 41 47 48 49 51 52 53 54 55 56 57 58 59 60 61 63 65 73 75 77 79  
allnum:41

res_-1_63_22_7.txt
balance:65  
4 25 29 30 31 33 35 37 41 58 59 60 61 62 63 64 65 73 75 77  
allnum:20

res_-1_53_25_0.txt
balance:73  
73  
allnum:1

res_-1_38_1_0.txt
balance:31  
31 73 77  
allnum:3

res_-1_69_53_16.txt
balance:73  
8 9 10 19 20 21 22 23 24 33 34 35 36 37 39 40 45 46 47 49 50 51 52 55 61 63 64 65 66 67 73 77  
allnum:32

res_-1_69_26_10.txt
balance:75  
8 9 10 13 18 20 24 26 27 28 37 38 39 40 41 43 44 45 46 47 49 50 51 52 53 54 55 61 62 63 64 65 66 67 68 69 75 77 79  
allnum:39

res_-1_23_17_8.txt
balance:11 22 49 50 71  
7 8 9 10 11 13 19 20 21 22 25 26 27 28 30 31 32 33 34 35 36 37 38 39 40 45 46 47 48 49 50 51 52 53 54 55 56 57 58 59 60 61 62 63 64 65 66 67 71 73 75 77 79 80  
allnum:54

res_-1_25_23_17.txt
balance:25 50 71  
4 5 6 8 9 10 12 13 15 20 25 33 35 41 45 46 47 48 50 52 57 58 59 60 61 62 63 65 69 71 75 77 79  
allnum:33

res_-1_69_63_15.txt
balance:1 10 70  
0 1 2 4 5 6 9 10 11 12 13 14 15 16 18 20 21 22 23 24 25 26 27 28 29 30 31 32 33 34 35 36 37 39 40 41 42 43 44 45 46 47 48 49 50 51 52 53 54 55 56 57 58 59 60 61 62 63 64 65 66 67 68 69 70 71 72 73 74 75 76 77 78  
allnum:73

res_-1_63_37_13.txt
balance:29  
0 9 11 13 14 15 25 26 29 30 31 32 33 34 35 39 40 41 51 52 53 54 55 56 57 58 59 60 61 62 63 65 66 67 68 69 72 73 75 76 77 78  
allnum:42

res_-1_36_19_17.txt
balance:12  
8 9 10 12 20 25 33 35 36 37 39 45 46 47 52 58 59 60 61 63 73 75 77  
allnum:23

res_-1_69_46_13.txt
balance:75  
5 8 9 10 20 22 23 24 25 26 28 30 31 32 34 35 36 37 38 40 45 46 47 48 49 50 51 52 53 54 55 61 62 63 64 65 66 67 68 69 70 75 77 80  
allnum:44

res_-1_26_19_15.txt
balance:27  
3 5 7 15 18 20 22 23 24 26 27 28 29 30 31 32 33 34 37 38 39 40 41 43 44 45 46 47 48 49 50 51 52 53 54 56 57 58 59 60 62 63 64 65 66 67 68 69 73 75 77 79  
allnum:52

res_-1_19_17_15.txt
balance:41  
3 12 25 28 29 30 31 33 39 41 56 57 58 59 60 61 63 65 73 75 77  
allnum:21

res_-1_69_17_10.txt
balance:0 9 50 51 69 71 72 78  
0 9 11 12 13 14 16 20 21 22 23 25 26 29 31 32 33 34 35 38 39 40 41 45 46 47 48 49 50 51 52 53 54 55 56 57 58 59 60 61 62 63 65 66 67 68 69 71 72 73 75 76 77 78  
allnum:54

res_-1_34_3_0.txt
balance:1 19 43  
0 1 3 4 5 6 7 8 11 12 13 14 15 16 17 19 20 23 24 25 26 27 28 29 30 31 33 34 35 37 38 39 40 41 42 43 44 45 46 47 48 49 50 51 52 53 56 57 58 59 60 61 62 63 64 65 66 67 68 69 71 73 75 77 79 80  
allnum:66

res_-1_63_26_13.txt
balance:15 20  
0 6 8 9 11 12 13 15 16 17 20 21 22 23 24 25 26 28 29 30 31 32 33 34 35 38 39 40 41 42 45 46 47 48 49 50 51 52 53 54 55 56 57 58 59 60 61 62 63 65 66 67 68 69 71 72 73 74 75 76 77 78 80  
allnum:63

res_-1_22_19_17.txt
balance:68  
1 7 12 16 17 18 22 25 26 27 29 31 32 33 34 35 37 38 39 40 41 42 43 44 45 47 48 49 50 51 52 53 54 55 56 57 58 59 60 61 62 63 64 65 67 68 71 73 75 77 79  
allnum:51

res_-1_26_19_17.txt
balance:18 27  
7 15 18 20 22 24 26 27 31 32 33 34 35 37 38 39 40 41 43 44 45 46 47 48 49 50 51 52 53 56 57 58 59 60 61 62 63 64 65 66 67 68 73 75 77  
allnum:45

res_-1_53_12_8.txt
balance:73  
6 7 8 9 10 20 21 22 23 24 25 31 32 33 34 35 36 37 39 40 45 46 47 48 49 50 51 52 55 58 59 60 61 62 63 64 65 66 67 73 75 77  
allnum:42

res_-1_68_26_22.txt
balance:73  
8 22 33 34 35 37 47 48 49 58 59 60 62 63 64 65 69 73 75 77 79 80  
allnum:22

res_-1_61_50_0.txt
balance:75  
8 9 10 18 20 22 26 35 36 37 40 43 44 45 46 47 48 49 51 52 53 55 60 61 62 63 64 65 66 67 69 73 75 77 80  
allnum:35

res_-1_69_16_13.txt
balance:73  
73  
allnum:1

res_-1_61_51_17.txt
balance:15 42  
2 4 5 7 8 9 10 11 13 14 15 18 19 20 21 22 23 24 25 26 28 29 30 31 32 33 34 35 36 37 38 39 40 41 42 43 44 45 46 47 48 49 50 51 52 53 54 55 56 57 58 59 60 61 62 63 64 65 66 67 68 69 71 73 74 75 77 79 80  
allnum:69

res_-1_39_13_3.txt
balance:36  
0 2 3 4 5 6 8 9 11 12 13 14 15 16 17 20 22 23 24 25 26 27 28 29 30 31 32 33 34 35 36 37 38 39 40 41 42 43 44 45 46 47 48 49 50 51 52 53 54 55 56 57 58 59 60 61 62 63 64 65 66 67 68 69 70 71 72 73 74 75 76 77 78 79  
allnum:74

